22 0.19294883728027343 0.8535470581054687 0.19392261505126954 0.3664008331298828 0.11692911148071289 0.3641785049438477 0.11595534324645997 0.8513247680664062
17 0.2745555877685547 0.8473721313476562 0.27512699127197265 0.35715202331542967 0.1995595932006836 0.3558802032470703 0.19898820877075196 0.8461002349853516
0 0.35926525115966795 0.8348771667480469 0.3595264434814453 0.3553071212768555 0.2831902122497559 0.35470684051513673 0.2829290390014648 0.8342768096923828
1 0.4338582611083984 0.8339464569091797 0.4343722915649414 0.34197345733642576 0.3801930618286133 0.34115612030029296 0.37967906951904296 0.8331291198730468
13 0.5286946105957031 0.8351930236816406 0.52952880859375 0.34060333251953123 0.4501811981201172 0.3386709213256836 0.44934711456298826 0.8332605743408203
11 0.6136709594726563 0.830867919921875 0.613811912536621 0.3463402557373047 0.5371852493286133 0.34601818084716796 0.5370442962646484 0.8305458068847656
2 0.6978300476074218 0.8406832885742187 0.6983512878417969 0.35316818237304687 0.6215814971923828 0.3519831466674805 0.6210602951049805 0.8394982147216797
9 0.7832101440429687 0.841927490234375 0.783997802734375 0.35463340759277345 0.7079133605957031 0.3528576278686523 0.7071257019042969 0.8401516723632813
9 0.8675631713867188 0.8493201446533203 0.8679053497314453 0.3648777770996094 0.7944229888916016 0.3641285705566406 0.7940808868408203 0.8485708618164063
8 0.9498521423339844 0.8480094146728515 0.9503799438476562 0.3732284164428711 0.8800926971435546 0.3721001434326172 0.8795648193359376 0.846881103515625
