22 0.1473964500427246 0.7876414489746094 0.14767685890197754 0.3540901565551758 0.07482291221618652 0.35356204986572265 0.07454250812530518 0.7871133422851563
17 0.22857234954833985 0.7839029693603515 0.22938610076904298 0.3598564910888672 0.15780399322509767 0.3583168792724609 0.15699026107788086 0.7823634338378906
0 0.32061744689941407 0.7865699768066406 0.3210439682006836 0.37189956665039064 0.2517416191101074 0.37110057830810544 0.2513151168823242 0.7857710266113281
2 0.4022241973876953 0.80251708984375 0.4024209976196289 0.3826904296875 0.3341021728515625 0.38233150482177736 0.3339054107666016 0.802158203125
14 0.49926048278808594 0.806054458618164 0.49955718994140624 0.36565567016601563 0.42456382751464844 0.36508941650390625 0.4242670822143555 0.8054882049560547
20 0.580394287109375 0.8086808776855469 0.5807858657836914 0.36677204132080077 0.5065681838989258 0.36603488922119143 0.5061766052246094 0.8079437255859375
5 0.6736191558837891 0.8028385925292969 0.6739472961425781 0.3612595367431641 0.597336540222168 0.360621337890625 0.597008399963379 0.8022004699707032
6 0.7495944213867187 0.7968762969970703 0.749649658203125 0.3781482696533203 0.6810575103759766 0.3780467987060547 0.6810022735595703 0.7967748260498047
5 0.8352635192871094 0.8008606719970703 0.8354535675048829 0.36158973693847657 0.7582643890380859 0.36121524810791017 0.7580743408203126 0.8004861450195313
1 0.9057022857666016 0.8115106201171876 0.9060456085205079 0.3636280059814453 0.8496352386474609 0.3631433486938477 0.8492919158935547 0.8110260009765625
