22 0.19514236450195313 0.7366732025146484 0.19541271209716796 0.2503342056274414 0.1196378517150879 0.2498283004760742 0.11936750411987304 0.736167221069336
17 0.28227087020874025 0.7471426391601562 0.282752685546875 0.2594357681274414 0.20703645706176757 0.2585374069213867 0.2065546417236328 0.7462442779541015
0 0.3650881576538086 0.748333740234375 0.36531986236572267 0.2748785591125488 0.29630016326904296 0.27447296142578126 0.29606849670410157 0.7479280853271484
3 0.4531557846069336 0.7603653717041016 0.45335193634033205 0.2810751152038574 0.3813168716430664 0.2807210159301758 0.38112071990966795 0.7600112915039062
13 0.5375368499755859 0.7564278411865234 0.537844123840332 0.27810625076293943 0.46665267944335936 0.2775570487976074 0.46634544372558595 0.7558786010742188
30 0.6281081390380859 0.7646548461914062 0.6288318634033203 0.288792781829834 0.5542358779907226 0.28743024826049807 0.5535122299194336 0.7632923126220703
6 0.7097540283203125 0.7708053588867188 0.71020751953125 0.30417823791503906 0.6418124389648437 0.3033798408508301 0.6413589477539062 0.7700069427490235
3 0.797100830078125 0.783831787109375 0.7976032257080078 0.3055887794494629 0.7256626892089844 0.30468120574951174 0.7251602935791016 0.7829241180419921
1 0.8751789855957032 0.7837059020996093 0.8757017517089843 0.30228801727294924 0.8185752868652344 0.30154296875 0.8180525207519531 0.7829608154296875
6 0.9619440460205078 0.78314697265625 0.9624259185791015 0.3057221794128418 0.8930432891845703 0.30488115310668945 0.8925613403320313 0.782305908203125
