22 0.08443595886230469 0.6753961181640625 0.18191497802734374 0.6750282287597656 0.18180246353149415 0.1783517837524414 0.08432344436645507 0.17871965408325197
17 0.2658694648742676 0.6760588073730469 0.26610889434814455 0.17306798934936524 0.1828645133972168 0.17240779876708984 0.18262506484985352 0.6753985595703125
0 0.36682823181152346 0.6731297302246094 0.367149658203125 0.18251977920532225 0.2999986457824707 0.1817868995666504 0.29967721939086917 0.6723968505859375
2 0.44059844970703127 0.6841241455078125 0.44084754943847654 0.18396913528442382 0.37099639892578123 0.1833896255493164 0.3707472991943359 0.6835446166992187
14 0.5542483520507813 0.6949483489990235 0.5543631362915039 0.15965048789978029 0.47131244659423827 0.15935364723205567 0.471197624206543 0.6946513366699218
25 0.6355978393554688 0.7002621459960937 0.6363874053955079 0.17812273025512695 0.5545275115966797 0.17606037139892577 0.5537379455566406 0.6981998443603515
6 0.733616943359375 0.6925606536865234 0.7337406921386719 0.21122493743896484 0.6675640869140625 0.2109415626525879 0.6674403381347657 0.6922772979736328
1 0.7884281158447266 0.7003791809082032 0.7894304656982422 0.20741851806640624 0.7427416229248047 0.20583698272705078 0.7417392730712891 0.6987976837158203
5 0.8646341705322266 0.6960688781738281 0.8652005767822266 0.20278770446777344 0.7967292022705078 0.2014779281616211 0.7961627960205078 0.6947591400146484
4 0.9393008422851562 0.7065857696533203 0.9397279357910157 0.20035167694091796 0.8670497131347656 0.19933012008666992 0.8666226196289063 0.705564193725586
