22 0.19940553665161131 0.7663376617431641 0.199732723236084 0.34072357177734375 0.12888381004333496 0.3400977325439453 0.12855661392211915 0.7657118225097657
17 0.2780586242675781 0.7648280334472656 0.2788108825683594 0.3461857223510742 0.2073758888244629 0.34471065521240235 0.206623592376709 0.7633529663085937
0 0.35489540100097655 0.761253662109375 0.35550071716308596 0.3454661560058594 0.2913547706604004 0.3443931198120117 0.29074945449829104 0.7601806640625
2 0.4362866973876953 0.7599493408203125 0.4365582275390625 0.3400853729248047 0.3679065704345703 0.3395751190185547 0.36763504028320315 0.7594390869140625
14 0.5164061737060547 0.7597467041015625 0.5168630981445312 0.32251556396484377 0.4460372161865234 0.3216651153564453 0.44558029174804686 0.7588961791992187
20 0.5924947357177734 0.7575555419921876 0.5931185913085938 0.32995822906494143 0.5268614196777344 0.3288474273681641 0.526237564086914 0.7564447784423828
1 0.6634384918212891 0.762156982421875 0.664020767211914 0.3231903076171875 0.6173469543457031 0.3224789810180664 0.6167647933959961 0.7614456939697266
4 0.6801722717285156 0.7562406158447266 0.7479203796386719 0.755679931640625 0.7476162719726562 0.33343631744384766 0.6798681640625 0.33399707794189454
9 0.8246053314208984 0.7498146057128906 0.8248606109619141 0.3313747406005859 0.7616828155517578 0.33093177795410156 0.7614275360107422 0.749371566772461
4 0.9007836151123046 0.7386811828613281 0.9009578704833985 0.3210991668701172 0.837206802368164 0.32079349517822264 0.8370325469970703 0.7383755493164063
