22 0.03355329513549805 0.7990830230712891 0.1400939083099365 0.7975601196289063 0.1396009159088135 0.34215431213378905 0.03306029796600342 0.3436772537231445
17 0.23305400848388672 0.7927848052978516 0.2335462760925293 0.3353656005859375 0.1432589340209961 0.3340825653076172 0.14276665687561035 0.7915017700195313
0 0.34348033905029296 0.7907958984375 0.34374500274658204 0.3440216827392578 0.27158546447753906 0.3434572219848633 0.27132081985473633 0.7902313995361329
3 0.41982078552246094 0.7939144897460938 0.42028064727783204 0.3432822036743164 0.3492926025390625 0.3423257064819336 0.34883277893066406 0.7929580688476563
10 0.5467162704467774 0.7973095703125 0.5469890213012696 0.34589065551757814 0.460560188293457 0.34520111083984373 0.46028743743896483 0.7966200256347656
32 0.6602772521972656 0.7960287475585938 0.6608004760742188 0.345060920715332 0.5499245071411133 0.34336246490478517 0.5494013595581054 0.7943302917480469
7 0.7548778533935547 0.7887928771972657 0.7554495239257812 0.3425649261474609 0.6775821685791016 0.34124748229980467 0.677010498046875 0.7874754333496093
1 0.8109530639648438 0.7918988037109375 0.8118135833740234 0.34611747741699217 0.7574720764160157 0.3447323989868164 0.7566115570068359 0.7905136871337891
9 0.8849587249755859 0.7995614624023437 0.8859221649169922 0.34553043365478514 0.8167726135253907 0.34359298706054686 0.8158091735839844 0.7976240539550781
7 0.9621437835693359 0.8043286895751953 0.963227767944336 0.3429961395263672 0.896324691772461 0.3409204864501953 0.895240707397461 0.8022530364990235
