22 0.21399707794189454 0.7777030944824219 0.21431367874145507 0.27434358596801756 0.13364933013916017 0.2737174606323242 0.1333327579498291 0.7770770263671875
17 0.2995643615722656 0.776012191772461 0.30043230056762693 0.2801289176940918 0.22286529541015626 0.2784533882141113 0.22199737548828125 0.7743366241455079
0 0.3846720504760742 0.775789566040039 0.3851883697509766 0.2877767372131348 0.30974334716796875 0.2867915725708008 0.30922698974609375 0.7748043823242188
1 0.4491850662231445 0.7788994598388672 0.4494095611572266 0.2889066123962402 0.4010955810546875 0.2886334419250488 0.40087108612060546 0.7786262512207032
14 0.5408632659912109 0.7843027496337891 0.5414530563354493 0.28303028106689454 0.4599882125854492 0.28184722900390624 0.45939834594726564 0.7831196594238281
32 0.623255729675293 0.7851653289794922 0.6247674942016601 0.2869171142578125 0.5469837951660156 0.28400430679321287 0.5454720306396484 0.7822525024414062
8 0.7061746978759765 0.7704784393310546 0.7065727996826172 0.30347084045410155 0.6347765350341796 0.3027152442932129 0.6343783187866211 0.7697228240966797
8 0.788099365234375 0.7769477844238282 0.7884944152832031 0.30318197250366213 0.7165264129638672 0.30244132995605466 0.7161313629150391 0.7762071228027344
5 0.8746898651123047 0.7812644195556641 0.8749164581298828 0.2814604568481445 0.797525634765625 0.2810272789001465 0.7972989654541016 0.7808312225341797
1 0.9401265716552735 0.7923580932617188 0.9408005523681641 0.30111143112182615 0.8864776611328125 0.30019166946411135 0.8858037567138672 0.7914383697509766
