22 0.22088966369628907 0.7542804718017578 0.22164810180664063 0.3487881851196289 0.14957958221435547 0.34738548278808595 0.14882113456726073 0.7528778076171875
17 0.301474609375 0.7499540710449218 0.3022784805297852 0.3457555389404297 0.2293499755859375 0.34424625396728514 0.22854610443115234 0.74844482421875
0 0.38133232116699217 0.7476466369628906 0.38180206298828123 0.35189224243164063 0.3117469024658203 0.3510268783569336 0.31127716064453126 0.7467813110351562
2 0.4611801528930664 0.7556663513183594 0.4614645767211914 0.3490593719482422 0.39183696746826174 0.3485525131225586 0.3915525436401367 0.7551595306396485
16 0.5424925613403321 0.7489204406738281 0.5425270080566407 0.34326801300048826 0.4720051956176758 0.34320571899414065 0.4719707107543945 0.7488581848144531
17 0.6234085464477539 0.7462156677246093 0.6238653182983398 0.3378923034667969 0.5511508560180665 0.337045783996582 0.5506941223144531 0.7453691101074219
7 0.6999619293212891 0.743510971069336 0.700197982788086 0.329605712890625 0.6311886215209961 0.3291961669921875 0.6309526443481446 0.7431014251708984
5 0.7851888275146485 0.7427770233154297 0.7856681060791015 0.32408935546875 0.7090818023681641 0.32317726135253905 0.7086025238037109 0.7418649291992188
3 0.8628739166259766 0.7408499145507812 0.8633809661865235 0.3391968536376953 0.7928730010986328 0.3382706069946289 0.792365951538086 0.7399236297607422
7 0.941141357421875 0.7448866271972656 0.9414645385742187 0.32548133850097655 0.8702488708496093 0.3249103546142578 0.8699256896972656 0.7443157196044922
