22 0.19947769165039062 0.773703842163086 0.19970378875732422 0.2495216178894043 0.12356345176696777 0.2490095901489258 0.12333731651306153 0.773191909790039
17 0.2830513381958008 0.7777375030517578 0.28341140747070315 0.25742111206054685 0.20884521484375 0.2566166877746582 0.20848512649536133 0.7769330596923828
0 0.3652516937255859 0.7802305603027344 0.3653908920288086 0.26335693359375 0.29717817306518557 0.2630705451965332 0.2970389747619629 0.7799441528320312
3 0.4511824035644531 0.7814179992675782 0.4511983871459961 0.26373546600341796 0.3804430770874023 0.26370140075683596 0.3804270553588867 0.7813839721679687
11 0.5371237945556641 0.7821991729736328 0.5374174880981445 0.26150394439697267 0.4633626937866211 0.2608527755737305 0.4630690383911133 0.781548080444336
28 0.6209749603271484 0.777105941772461 0.6212114715576171 0.26343526840209963 0.5498984909057617 0.2629231834411621 0.549661865234375 0.7765937805175781
7 0.7024313354492188 0.7706731414794922 0.7026374053955078 0.2510835266113281 0.6312578964233398 0.25064193725585937 0.6310517120361329 0.7702316284179688
8 0.7856830596923828 0.7698256683349609 0.7864183044433594 0.26384538650512696 0.7162419891357422 0.26225584030151367 0.715506820678711 0.7682361602783203
2 0.8681464385986328 0.7747730255126953 0.8686986541748047 0.2580981636047363 0.7970146179199219 0.2569037628173828 0.7964623260498047 0.7735785675048829
9 0.9483885955810547 0.7656455993652344 0.9491504669189453 0.24341411590576173 0.8819991302490234 0.24188692092895508 0.8812372589111328 0.7641183471679688
