22 0.18953899383544923 0.7499185180664063 0.19064340591430665 0.2548403739929199 0.10727481842041016 0.25265419006347656 0.1061704158782959 0.7477323150634766
17 0.27374671936035155 0.7477066802978516 0.27472394943237305 0.25975746154785156 0.19546010971069336 0.25789144515991214 0.1944828987121582 0.7458406829833985
0 0.3558087921142578 0.7441284942626953 0.3566768646240234 0.27821741104125974 0.2838127517700195 0.2766215133666992 0.2829446792602539 0.7425325775146484
3 0.4409843063354492 0.7621842956542969 0.4418660736083984 0.2740799522399902 0.36498790740966797 0.27244737625122073 0.36410614013671877 0.7605516815185547
14 0.5267581176757813 0.764995346069336 0.5276639556884766 0.27327951431274417 0.4495847702026367 0.2715885925292969 0.44867889404296873 0.763304443359375
27 0.6108552169799805 0.7799819946289063 0.6119208526611328 0.27869367599487305 0.5347958755493164 0.27676656723022464 0.5337303161621094 0.7780548095703125
9 0.6907478332519531 0.7734166717529297 0.6917880249023437 0.289876823425293 0.6194863128662109 0.28804864883422854 0.6184462356567383 0.7715885162353515
5 0.7767833709716797 0.7722750091552735 0.7774531555175781 0.2878055953979492 0.7002296447753906 0.2865507316589355 0.6995599365234375 0.7710202026367188
9 0.8562435913085937 0.7784130859375 0.8572833251953125 0.305176944732666 0.7864876556396484 0.3033486557006836 0.7854479217529297 0.7765848541259766
9 0.939462890625 0.7866522216796875 0.940517807006836 0.3041966819763184 0.8682353973388672 0.30233863830566404 0.867180404663086 0.7847941589355468
