22 0.21134614944458008 0.7167093658447266 0.21240402221679688 0.2320633888244629 0.13019447326660155 0.22998279571533203 0.1291365909576416 0.7146287536621094
17 0.2987766647338867 0.7276620483398437 0.2997745895385742 0.23983545303344728 0.21515239715576173 0.23782835006713868 0.2141544532775879 0.7256549835205078
0 0.38233146667480467 0.720645523071289 0.3834707260131836 0.25929359436035154 0.30694515228271485 0.2571025276184082 0.30580583572387693 0.7184545135498047
1 0.463548469543457 0.7281235504150391 0.46466545104980467 0.25492435455322265 0.3995729064941406 0.25314294815063476 0.3984559631347656 0.7263421630859375
15 0.5511008071899414 0.72585205078125 0.5523423385620118 0.24942264556884766 0.47544906616210936 0.24709936141967773 0.4742074966430664 0.723528823852539
11 0.63697265625 0.732181167602539 0.6378866958618165 0.26974517822265626 0.5608477783203125 0.267979679107666 0.5599336624145508 0.7304156494140625
0 0.7218209838867188 0.7186073303222656 0.722668685913086 0.28573936462402344 0.6508482360839843 0.28410852432250977 0.6500004577636719 0.716976547241211
3 0.8060356140136719 0.7459865570068359 0.8066731262207031 0.27236112594604495 0.7334123229980469 0.27121797561645505 0.732774887084961 0.7448434448242187
1 0.88533203125 0.7546760559082031 0.8863786315917969 0.27673534393310545 0.8247200012207031 0.27516984939575195 0.8236734008789063 0.753110580444336
3 0.9713176727294922 0.7635649108886718 0.9724381256103516 0.2759686470031738 0.89681640625 0.27395408630371093 0.8956961059570312 0.7615504455566406
