22 0.15005183219909668 0.7349031829833984 0.22972196578979492 0.7345249938964844 0.2295268440246582 0.27500238418579104 0.14985671997070313 0.2753805732727051
17 0.31506881713867185 0.7379654693603516 0.31512773513793946 0.2820182991027832 0.23666948318481446 0.28190505981445313 0.23661062240600586 0.7378522491455078
0 0.39965797424316407 0.7370369720458985 0.39985496520996094 0.2907645797729492 0.32471126556396485 0.29039371490478516 0.324514274597168 0.7366661071777344
1 0.4659550476074219 0.7440224456787109 0.4667253112792969 0.28201263427734374 0.4146596908569336 0.2810421562194824 0.4138893890380859 0.7430519104003906
13 0.5534393692016601 0.7453722381591796 0.5542323684692383 0.28200489044189453 0.47675155639648437 0.280522403717041 0.47595863342285155 0.7438897705078125
29 0.6418274688720703 0.7467375183105469 0.642342529296875 0.28098276138305667 0.5637611770629882 0.2800112152099609 0.5632461166381836 0.7457659149169922
7 0.7232530975341797 0.7525494384765625 0.7236149597167969 0.28527509689331054 0.6465861511230468 0.28460811614990233 0.6462242889404297 0.7518824005126953
1 0.7922732543945312 0.756288833618164 0.7926212310791015 0.29503637313842773 0.7365875244140625 0.29456382751464844 0.7362395477294922 0.7558162689208985
3 0.8765572357177734 0.7522339630126953 0.8767057037353516 0.3008920860290527 0.8031407928466797 0.30062171936035154 0.8029923248291015 0.7519636535644532
0 0.9623812103271484 0.740780258178711 0.9626828002929687 0.3074040412902832 0.8869680786132812 0.3068149185180664 0.8866664886474609 0.7401911163330078
