22 0.2157253074645996 0.7547952270507813 0.21596017837524414 0.265257625579834 0.14162776947021485 0.26477813720703125 0.14139289855957032 0.7543156433105469
17 0.2966337203979492 0.7516423797607422 0.297327938079834 0.2661789131164551 0.2254172134399414 0.26479637145996093 0.224722957611084 0.7502598571777344
0 0.3784476089477539 0.748394775390625 0.37860340118408203 0.2778353309631348 0.3083632850646973 0.27752262115478515 0.30820747375488283 0.7480821228027343
5 0.46303577423095704 0.7576618194580078 0.4634390640258789 0.2644120979309082 0.38932170867919924 0.26359737396240235 0.38891841888427736 0.7568470764160157
15 0.5480096817016602 0.7628408813476563 0.5492399978637695 0.26646575927734373 0.47317100524902345 0.2639309501647949 0.47194068908691406 0.7603060913085937
25 0.6267335891723633 0.7653474426269531 0.6273326873779297 0.2711324119567871 0.5548529815673828 0.26995124816894533 0.5542538070678711 0.764166259765625
5 0.71309814453125 0.7573107147216797 0.7134207916259766 0.2718844985961914 0.638162841796875 0.27121198654174805 0.6378401565551758 0.7566382598876953
9 0.790465087890625 0.7665461730957032 0.7909345245361328 0.29200244903564454 0.7235381317138672 0.29110610961914063 0.72306884765625 0.7656498718261718
3 0.8739506530761719 0.7761994934082032 0.8742558288574219 0.285645923614502 0.8040480041503906 0.2850586700439453 0.8037428283691406 0.7756122589111328
0 0.957265625 0.7670628356933594 0.9575270080566406 0.3012701606750488 0.8881922149658203 0.3007470893859863 0.8879308319091797 0.7665397644042968
