22 0.19728256225585938 0.735174789428711 0.1977788734436035 0.3167910194396973 0.1152950382232666 0.3158748245239258 0.11479872703552246 0.7342585754394532
17 0.28063899993896485 0.7393572998046875 0.28120702743530274 0.31230119705200193 0.2037758445739746 0.31133682250976563 0.20320781707763672 0.7383929443359375
0 0.3646331024169922 0.7247196197509765 0.3648174285888672 0.32028175354003907 0.2870891761779785 0.31994998931884766 0.28690481185913086 0.7243878173828125
1 0.43110893249511717 0.73450927734375 0.4320018768310547 0.30467111587524415 0.37702247619628904 0.3036016273498535 0.3761295318603516 0.7334397888183594
15 0.5188137817382813 0.7350183470352836 0.5197645568847656 0.2979986000061035 0.43960689544677733 0.29652421951293945 0.43865619659423827 0.7276744013247282
14 0.6027278900146484 0.7281611633300781 0.603046646118164 0.2933182144165039 0.5221570205688476 0.2927629280090332 0.521838264465332 0.7276058959960937
0 0.6816121673583985 0.7186933135986329 0.6819346618652343 0.3069961166381836 0.6078775024414063 0.30645280838012695 0.6075549697875977 0.7181500244140625
0 0.7624748229980469 0.7145878601074219 0.7626664733886719 0.3018015670776367 0.689980239868164 0.30148557662963865 0.6897885131835938 0.7142718505859375
5 0.8504004669189453 0.7168345642089844 0.8508939361572265 0.28620927810668945 0.77034912109375 0.2853451919555664 0.7698558044433593 0.715970458984375
3 0.9308565521240234 0.7173242950439453 0.9313978576660156 0.29105142593383787 0.8553837585449219 0.29014757156372073 0.8548424530029297 0.7164204406738282
