22 0.1295048999786377 0.7450466156005859 0.2060440444946289 0.7450042724609375 0.20602090835571288 0.30330595016479495 0.12948176383972168 0.30334833145141604
17 0.29066431045532226 0.7512631225585937 0.29094997406005857 0.3115574073791504 0.21460081100463868 0.3110334777832031 0.21431516647338866 0.7507392120361328
0 0.37350452423095704 0.751947021484375 0.3737246704101562 0.325423469543457 0.3016626167297363 0.32503055572509765 0.3014424514770508 0.7515541076660156
2 0.4582991027832031 0.7641281127929688 0.45856647491455077 0.3254541015625 0.384715690612793 0.32497856140136716 0.38444831848144534 0.763652572631836
15 0.5472115707397461 0.7699974822998047 0.5481780242919921 0.31567720413208006 0.4695731735229492 0.3139109992980957 0.46860675811767577 0.7682312774658203
21 0.6271460723876953 0.77328369140625 0.6280940246582031 0.32604049682617187 0.5541559982299805 0.3243850326538086 0.5532080078125 0.7716282653808594
5 0.716505126953125 0.769991455078125 0.7167548370361329 0.32738834381103515 0.637763442993164 0.32691757202148436 0.6375137710571289 0.7695207214355468
9 0.7948823547363282 0.7710462188720704 0.7954796600341797 0.3404201889038086 0.7263882446289063 0.33940799713134767 0.725791015625 0.7700340270996093
1 0.8752775573730469 0.7799729919433593 0.8756752777099609 0.3319638061523438 0.817538833618164 0.33141853332519533 0.81714111328125 0.7794277954101563
7 0.9638081359863281 0.7783436584472656 0.9640386199951172 0.33358226776123046 0.8895232391357422 0.33317447662353517 0.8892927551269532 0.7779358673095703
