22 0.21721456527709962 0.7246177673339844 0.21802701950073242 0.3098749542236328 0.14841571807861328 0.30854326248168945 0.14760324478149414 0.7232860565185547
17 0.29679580688476564 0.727364273071289 0.2974092674255371 0.3246710586547852 0.22806076049804688 0.32363937377929686 0.22744728088378907 0.7263326263427734
0 0.37515869140625 0.7280091857910156 0.3755440521240234 0.3275581741333008 0.3107183837890625 0.32694900512695313 0.3103330421447754 0.7273999786376953
5 0.45752147674560545 0.7352255249023437 0.45765884399414064 0.31841537475585935 0.3880664825439453 0.31819135665893555 0.3879290771484375 0.7350015258789062
13 0.5355066680908203 0.7391857147216797 0.5366757583618164 0.32561569213867186 0.4686559295654297 0.32373790740966796 0.46748687744140627 0.7373078918457031
17 0.6185508346557618 0.7409820556640625 0.6190200424194336 0.3319524383544922 0.5489748764038086 0.3311677551269531 0.5485056686401367 0.7401973724365234
7 0.6961902618408203 0.741081771850586 0.696414794921875 0.32589698791503907 0.6288431930541992 0.32554012298583984 0.6286186599731445 0.7407249450683594
7 0.7759435272216797 0.744082260131836 0.776334228515625 0.3323066711425781 0.7079963684082031 0.33167343139648436 0.7076056671142578 0.7434490203857422
5 0.8541819763183593 0.7453475952148437 0.854531021118164 0.33599491119384767 0.7853843688964843 0.33541915893554686 0.785035400390625 0.7447718048095703
8 0.9330348968505859 0.7540145874023437 0.9340149688720704 0.3635412216186523 0.8689202117919922 0.3619456481933594 0.8679401397705078 0.7524190521240235
