22 0.19592708587646485 0.7332533264160156 0.19702808380126954 0.2444995880126953 0.12115488052368165 0.24253559112548828 0.12005386352539063 0.731289291381836
17 0.28470239639282224 0.7339167785644531 0.2855829238891602 0.25211248397827146 0.20375062942504882 0.2503938674926758 0.20287008285522462 0.7321981811523437
0 0.36422718048095704 0.7311190032958984 0.3652371597290039 0.2708767890930176 0.29202075958251955 0.2690305328369141 0.29101076126098635 0.7292727661132813
2 0.4513579940795898 0.7422711944580078 0.4518815231323242 0.2843636512756348 0.37351192474365236 0.2833340072631836 0.37298839569091796 0.7412416076660157
15 0.531430320739746 0.7428466033935547 0.5327053833007812 0.2841027069091797 0.4588897705078125 0.2817449951171875 0.4576146697998047 0.7404888916015625
23 0.6205340194702148 0.7535284423828125 0.6215984344482421 0.28793600082397464 0.5392736053466797 0.2857734489440918 0.5382092666625976 0.7513658905029297
5 0.7038322448730469 0.7626531982421875 0.7045576477050781 0.29381837844848635 0.6247350692749023 0.2923991966247559 0.6240096664428711 0.7612340545654297
9 0.782569580078125 0.7571115112304687 0.7835511779785156 0.29014226913452146 0.7106246948242188 0.28838077545166013 0.7096430969238281 0.7553499603271484
7 0.869178695678711 0.7627410888671875 0.8701447296142578 0.29768218994140627 0.7931505584716797 0.2958442878723144 0.7921845245361329 0.7609031677246094
6 0.9509720611572265 0.7644828796386719 0.9519915008544921 0.30802148818969727 0.8802375030517579 0.3061799430847168 0.8792180633544922 0.7626412963867187
