22 0.22231616973876953 0.7326636505126953 0.22321521759033203 0.3004443359375 0.1510805892944336 0.2987202072143555 0.15018156051635742 0.7309394836425781
17 0.30195226669311526 0.7362854766845703 0.30228658676147463 0.3032059669494629 0.2306975555419922 0.3025709342956543 0.2303632354736328 0.7356504821777343
0 0.3791314697265625 0.7303213500976562 0.37951881408691407 0.30906402587890625 0.31258430480957033 0.30835681915283203 0.31219696044921874 0.7296141052246093
2 0.4588686752319336 0.7429023742675781 0.4590378952026367 0.3183700370788574 0.3902370834350586 0.3180549240112305 0.39006786346435546 0.7425872802734375
16 0.4745897674560547 0.7411974334716797 0.5396016693115234 0.7411443328857422 0.5395721054077148 0.3259703063964844 0.47456024169921873 0.3260234451293945
17 0.620237045288086 0.7546622467041015 0.6207150268554688 0.33431133270263674 0.5513970184326172 0.33340553283691404 0.5509190368652344 0.7537564849853515
4 0.6968640899658203 0.7717198944091797 0.6979103851318359 0.3390776062011719 0.6276103973388671 0.33712406158447267 0.6265641021728515 0.7697663116455078
2 0.7802156829833984 0.7722723388671875 0.7805268096923829 0.3453982925415039 0.7092565155029297 0.34480125427246094 0.7089453887939453 0.7716752624511719
3 0.8594100952148438 0.776151351928711 0.8598286437988282 0.35006256103515626 0.7919473266601562 0.3492962646484375 0.7915287780761718 0.7753850555419922
7 0.9420625305175782 0.779305191040039 0.9423600769042969 0.34663753509521483 0.8705645751953125 0.3460700988769531 0.8702670288085937 0.7787377166748047
