22 0.20113510131835938 0.7519326782226563 0.20151554107666014 0.2847210121154785 0.12016210556030274 0.28392433166503905 0.11978164672851563 0.7511360931396485
17 0.2855503845214844 0.7521466827392578 0.28605472564697265 0.2914776420593262 0.20660762786865233 0.29043170928955075 0.20610326766967774 0.7511006927490235
0 0.36873085021972657 0.7552008819580078 0.369108772277832 0.299520378112793 0.29479652404785156 0.29877922058105466 0.29441864013671876 0.7544596862792968
1 0.43763046264648436 0.7643059539794922 0.4381056594848633 0.29306760787963865 0.38484649658203124 0.2924217796325684 0.384371337890625 0.7636602020263672
13 0.5214948654174805 0.7644522857666015 0.5223991394042968 0.2963368034362793 0.44840187072753906 0.29461795806884766 0.44749763488769534 0.7627334594726562
11 0.6056870651245118 0.7694561004638671 0.6065350341796875 0.30109655380249023 0.5334540176391601 0.299505443572998 0.5326060485839844 0.7678649139404297
9 0.69287841796875 0.773165512084961 0.693046646118164 0.31143224716186524 0.6194261169433594 0.31110960006713867 0.619257926940918 0.7728428649902344
8 0.7765007781982421 0.7759223937988281 0.7768760681152344 0.3252558135986328 0.7040657043457031 0.3245265960693359 0.7036903381347657 0.7751930999755859
6 0.8607450866699219 0.7767952728271484 0.8609671020507812 0.3224551773071289 0.7876329040527343 0.3220243453979492 0.787410888671875 0.776364517211914
9 0.945081558227539 0.7833634948730469 0.9455841827392578 0.32813846588134765 0.8708324432373047 0.3271459197998047 0.8703298187255859 0.7823709869384765
