22 0.1337453556060791 0.7657611083984375 0.21652595520019532 0.765688705444336 0.21649097442626952 0.27440706253051755 0.13371038436889648 0.27447948455810545
17 0.30125844955444336 0.7627603912353516 0.30177787780761717 0.2785048484802246 0.22143953323364257 0.2774454879760742 0.22092010498046874 0.7617010498046874
0 0.3860770797729492 0.7558344268798828 0.3861339569091797 0.2839394187927246 0.30760515213012696 0.28382301330566406 0.30754825592041013 0.755718002319336
1 0.4529221725463867 0.7603081512451172 0.4533036422729492 0.2783847427368164 0.39897899627685546 0.2778561401367188 0.39859756469726565 0.7597795867919922
14 0.5443682098388671 0.7688233947753906 0.5449158096313477 0.2681825828552246 0.45993637084960937 0.26703998565673825 0.4593888092041016 0.7676807403564453
31 0.6244854736328125 0.7658158874511719 0.6257803344726562 0.275972900390625 0.5531830215454101 0.2736138153076172 0.5518881607055665 0.763456802368164
7 0.7078349304199218 0.7609173583984375 0.7079622650146484 0.2714022445678711 0.6294089508056641 0.27115095138549805 0.6292815780639649 0.7606660461425782
9 0.7921965789794921 0.7603041076660156 0.7925625610351562 0.28528360366821287 0.7134617614746094 0.28453439712524414 0.7130957794189453 0.7595549011230469
1 0.8591546630859375 0.7605387878417968 0.8593039703369141 0.2806486511230469 0.8038301086425781 0.28043651580810547 0.8036808013916016 0.7603266906738281
5 0.9491949462890625 0.7623368835449219 0.9494347381591797 0.27429780960083006 0.8641551208496093 0.2737826728820801 0.8639153289794922 0.7618218231201171
