22 0.13010302543640137 0.7533657836914063 0.20712413787841796 0.7530458831787109 0.20695877075195312 0.2534944725036621 0.12993766784667968 0.25381439208984374
17 0.2921337127685547 0.7684404754638672 0.2929541206359863 0.27613521575927735 0.21697593688964845 0.2745464134216309 0.21615554809570312 0.7668517303466796
0 0.37670101165771486 0.7678978729248047 0.3771298599243164 0.2874469757080078 0.3068087959289551 0.28665933609008787 0.3063799476623535 0.7671102905273437
2 0.46337318420410156 0.7876645660400391 0.4636275482177734 0.29812112808227537 0.3902145004272461 0.2976424026489258 0.38996013641357424 0.7871858215332032
13 0.5483281707763672 0.7869488525390625 0.5493786239624023 0.29994504928588867 0.47618606567382815 0.2979640007019043 0.47513561248779296 0.7849678039550781
35 0.6374119567871094 0.7970403289794922 0.6375893783569336 0.2966091918945313 0.5608130264282226 0.29626768112182617 0.5606356811523437 0.7966988372802735
8 0.7187133026123047 0.796422119140625 0.7196847534179688 0.31963592529296875 0.6497282409667968 0.3178471565246582 0.6487567138671875 0.7946334075927735
9 0.8013928985595703 0.7991068267822266 0.8016870880126953 0.3140159797668457 0.7331643676757813 0.31349447250366214 0.7328701782226562 0.7985853576660156
9 0.8830109405517578 0.8030519104003906 0.8837208557128906 0.31248580932617187 0.8159735870361328 0.3112556648254394 0.815263671875 0.8018218231201172
4 0.9636940765380859 0.7998429870605469 0.9649079132080078 0.3065151596069336 0.8972689819335937 0.30442691802978517 0.8960551452636719 0.7977546691894531
