22 0.19956035614013673 0.7417862701416016 0.19958799362182617 0.2847901344299316 0.1273046588897705 0.2847348976135254 0.12727703094482423 0.74173095703125
17 0.28250720977783206 0.7466433715820312 0.28349498748779295 0.2899151229858398 0.21087867736816407 0.2879297637939453 0.20989089965820312 0.7446580505371094
0 0.36355583190917967 0.7518460083007813 0.36370994567871096 0.2971268844604492 0.29551273345947265 0.29683473587036135 0.29535865783691406 0.7515538024902344
2 0.4445772171020508 0.7560124969482422 0.4446976089477539 0.2917268943786621 0.3774417495727539 0.29150646209716796 0.3773213577270508 0.7557920837402343
15 0.5309594345092773 0.7450426483154297 0.5319172668457032 0.2754648971557617 0.4582717514038086 0.2735658073425293 0.45731388092041014 0.7431436157226563
30 0.6113321685791016 0.7503009796142578 0.6123983764648437 0.28370471954345705 0.5412579727172852 0.2816495513916016 0.540191764831543 0.7482457733154297
0 0.6877513885498047 0.7489464569091797 0.6879447937011719 0.29427169799804687 0.6244199371337891 0.29393016815185546 0.6242265701293945 0.7486048889160156
6 0.7672235870361328 0.7439611053466797 0.7677425384521485 0.2941110992431641 0.7028056335449219 0.2931641960144043 0.7022866821289062 0.743014144897461
5 0.8536127471923828 0.7515971374511718 0.854041976928711 0.29114559173583987 0.781634521484375 0.29029226303100586 0.7812052154541016 0.7507437896728516
4 0.9268925476074219 0.7551260375976563 0.9275421142578125 0.30026891708374026 0.8633448791503906 0.29910999298095703 0.8626953125 0.7539670562744141
