22 0.21874547958374024 0.7854081726074219 0.21983190536499023 0.27386390686035156 0.14047524452209473 0.2716352844238281 0.1393888473510742 0.7831796264648437
17 0.3039661407470703 0.7807523345947266 0.3052702522277832 0.27533172607421874 0.23096330642700194 0.2727964210510254 0.22965917587280274 0.7782170104980469
0 0.3878537368774414 0.772957763671875 0.3882112503051758 0.2763403129577637 0.31789493560791016 0.27567094802856446 0.3175374221801758 0.7722885131835937
1 0.4659197235107422 0.7832997894287109 0.4665303039550781 0.2722724151611328 0.4119220733642578 0.27140968322753906 0.41131149291992186 0.7824370574951172
13 0.5542715072631836 0.7725606536865235 0.5550981903076172 0.26800132751464845 0.4836964797973633 0.26645448684692385 0.4828698348999023 0.7710138702392578
25 0.6388600921630859 0.7753932189941406 0.6394263076782226 0.27472921371459963 0.566673812866211 0.27364126205444333 0.5661076354980469 0.774305191040039
9 0.7171351623535156 0.7601728820800782 0.7182290649414063 0.272745361328125 0.6533184814453125 0.270819091796875 0.6522245788574219 0.7582466125488281
2 0.7974183654785156 0.768648681640625 0.7979304504394531 0.2793097496032715 0.7300424194335937 0.2783702278137207 0.7295303344726562 0.7677091217041015
6 0.875287094116211 0.7473558044433594 0.8759835052490235 0.2771841812133789 0.8132147979736328 0.2759548187255859 0.8125183868408203 0.7461264038085937
0 0.9558275604248047 0.7416789245605468 0.9563304901123046 0.271238899230957 0.8901857757568359 0.27030387878417966 0.8896828460693359 0.7407440185546875
