22 0.21468648910522461 0.6912398529052735 0.21519805908203124 0.23826997756958007 0.139271240234375 0.23730958938598634 0.13875967025756836 0.6902793884277344
17 0.29994031906127927 0.6994112396240234 0.3010519409179688 0.24991075515747072 0.22579544067382812 0.2478261947631836 0.22468374252319337 0.69732666015625
0 0.38485309600830075 0.7071150207519531 0.38539024353027346 0.268771858215332 0.31521997451782224 0.2678088188171387 0.3146828079223633 0.7061520385742187
1 0.46634143829345703 0.7224757385253906 0.4667588043212891 0.26836017608642576 0.4119657897949219 0.2677960968017578 0.4115483856201172 0.72191162109375
13 0.5562617874145508 0.729383544921875 0.5568086624145507 0.2753778648376465 0.4839956283569336 0.27439552307128906 0.48344879150390624 0.7284011840820312
25 0.6442283630371094 0.7365251159667969 0.6448787689208985 0.28931125640869143 0.570585708618164 0.2881011390686035 0.569935302734375 0.73531494140625
7 0.7300263977050782 0.74529296875 0.7305677032470703 0.29109365463256837 0.6566337585449219 0.2901068115234375 0.6560923767089843 0.7443061828613281
2 0.8140795135498047 0.7606352233886718 0.8144342041015625 0.3138338279724121 0.7410459899902344 0.3131812858581543 0.7406912994384766 0.7599826049804688
9 0.8972447967529297 0.7651502227783203 0.8978053283691406 0.32250274658203126 0.8279576110839844 0.32151214599609373 0.8273970794677734 0.7641596221923828
9 0.9806633758544921 0.7744857025146484 0.9812213134765625 0.3327235412597656 0.9134721374511718 0.33176509857177733 0.9129141998291016 0.7735272979736328
