22 0.19955495834350587 0.7515159606933594 0.20050188064575195 0.3260733413696289 0.12347930908203125 0.3243991851806641 0.12253236770629883 0.7498417663574218
17 0.2840641784667969 0.7475337219238282 0.2849555397033691 0.32932098388671877 0.20591108322143556 0.32767562866210936 0.20501970291137694 0.745888442993164
0 0.3706829833984375 0.7404792785644532 0.37116958618164064 0.32613330841064453 0.2929375076293945 0.3252361297607422 0.29245094299316404 0.7395821380615234
2 0.45393402099609376 0.7433451843261719 0.45467376708984375 0.3310762023925781 0.3790017700195312 0.32975025177001954 0.37826202392578123 0.7420192718505859
14 0.5391331481933593 0.7406285858154297 0.5394879531860352 0.3117435073852539 0.4609184646606445 0.3111085891723633 0.4605636215209961 0.739993667602539
25 0.6207366180419922 0.7401739501953125 0.6215427398681641 0.3176529693603516 0.5464162063598633 0.3162530899047852 0.5456100082397461 0.7387740325927734
8 0.7020657348632813 0.7308390808105468 0.7029129028320312 0.3303879928588867 0.6317127990722656 0.32891719818115234 0.630865707397461 0.7293682861328125
2 0.789019546508789 0.7376416778564453 0.7892517852783203 0.3276586151123047 0.7135283660888672 0.3272398376464844 0.7132961273193359 0.737222900390625
8 0.8695184326171875 0.725923843383789 0.8702212524414062 0.32306129455566407 0.7984114074707032 0.32183773040771485 0.7977085876464843 0.7247002410888672
1 0.9491929626464843 0.7316391754150391 0.9502218627929687 0.31253068923950195 0.8791929626464844 0.3108279037475586 0.8781640625 0.7299364471435547
