22 0.06423937320709229 0.7581110382080078 0.1714567184448242 0.7574594116210938 0.17124122619628906 0.35734115600585936 0.06402389049530029 0.3579928207397461
17 0.26039508819580076 0.7539305114746093 0.2607220458984375 0.3429047393798828 0.1740498161315918 0.34212665557861327 0.17372287750244142 0.7531523895263672
0 0.3582543182373047 0.7616792297363282 0.3587522506713867 0.3413185501098633 0.2881772232055664 0.3403750991821289 0.2876793098449707 0.7607357788085938
5 0.43482513427734376 0.7590190887451171 0.43540363311767577 0.32160160064697263 0.36241649627685546 0.32051204681396483 0.36183799743652345 0.7579295349121093
13 0.5480787277221679 0.740904541015625 0.5489624786376953 0.31835609436035156 0.4681272506713867 0.3164478874206543 0.46724346160888675 0.738996353149414
17 0.5547274780273438 0.7313558959960937 0.640872573852539 0.730528335571289 0.6405120086669922 0.30695945739746094 0.5543669891357422 0.3077870559692383
4 0.7420624542236328 0.7100439453125 0.7431488800048828 0.2987525749206543 0.669528579711914 0.2965578079223633 0.6684421539306641 0.70784912109375
4 0.7443253326416016 0.700298080444336 0.8127257537841797 0.7000131225585937 0.8125769805908203 0.29695987701416016 0.7441765594482422 0.2972448539733887
4 0.881156234741211 0.7112480163574219 0.8822068786621093 0.29006906509399416 0.8124571228027344 0.28810523986816405 0.8114064788818359 0.7092841339111328
1 0.9424915313720703 0.710406265258789 0.9432135009765625 0.28454181671142575 0.8889347076416015 0.28350317001342773 0.888212661743164 0.7093675994873047
