22 0.20085426330566405 0.7579257202148437 0.20124011993408203 0.2578325843811035 0.11701398849487304 0.2570405387878418 0.1166281509399414 0.7571336364746094
17 0.29067962646484374 0.7674921417236328 0.2909935188293457 0.26985376358032226 0.20585107803344727 0.2691991996765137 0.2055371856689453 0.7668376159667969
0 0.38086414337158203 0.7723754119873046 0.38108779907226564 0.2894381904602051 0.29736005783081054 0.28896560668945315 0.2971364212036133 0.7719029235839844
5 0.47372425079345704 0.7819251251220704 0.4738735580444336 0.28576150894165037 0.38630233764648436 0.2854404067993164 0.3861530685424805 0.7816040802001953
12 0.5581697082519531 0.7915241241455078 0.5591443634033203 0.3132600212097168 0.47681747436523436 0.31121517181396485 0.4758428192138672 0.7894792175292968
17 0.6490403747558594 0.8065294647216796 0.6495372009277344 0.3189846611022949 0.5657464218139648 0.3179438400268555 0.5652495574951172 0.8054886627197265
0 0.7350806427001954 0.807183609008789 0.7357115936279297 0.3288325500488281 0.6563684844970703 0.32755695343017577 0.6557376098632812 0.8059080505371093
0 0.8244068908691407 0.8144087982177735 0.8248394775390625 0.33533645629882813 0.7447489166259765 0.33445503234863283 0.7443162536621094 0.8135273742675782
1 0.9027413177490234 0.8287924194335937 0.9032183837890625 0.3353570556640625 0.8441215515136719 0.3346604919433594 0.8436444091796875 0.828095932006836
0 0.9988851928710938 0.8302320098876953 0.9994354248046875 0.3481049346923828 0.91920166015625 0.3469886016845703 0.9186514282226562 0.8291157531738281
