22 0.19987701416015624 0.7390357208251953 0.20080204010009767 0.3222860336303711 0.1297025203704834 0.3206438827514648 0.12877752304077147 0.737393569946289
17 0.283365478515625 0.7428105926513672 0.2842352294921875 0.32702423095703126 0.2124837303161621 0.3254624176025391 0.2116139793395996 0.741248779296875
0 0.364978141784668 0.7451726531982422 0.3651516342163086 0.33548187255859374 0.29809083938598635 0.3351864242553711 0.29791736602783203 0.7448771667480468
2 0.44866859436035156 0.7540581512451172 0.44926536560058594 0.3385731506347656 0.3812700653076172 0.3375568389892578 0.3806732940673828 0.7530418395996094
16 0.5316901397705078 0.7505998992919922 0.5321998596191406 0.33917888641357424 0.46687095642089843 0.33833660125732423 0.46636123657226564 0.7497576141357422
23 0.6172265243530274 0.7652162933349609 0.618095932006836 0.3515807723999023 0.5444374847412109 0.3499697494506836 0.543568115234375 0.7636052703857422
0 0.6966667938232421 0.7612421417236328 0.696871566772461 0.359923095703125 0.6297518157958985 0.35956684112548826 0.6295470428466797 0.7608859252929687
0 0.779758071899414 0.7724371337890625 0.7799781036376953 0.3590359115600586 0.7128324127197265 0.35866416931152345 0.7126123809814453 0.7720654296875
0 0.8583643341064453 0.7732418060302735 0.8587067413330078 0.3697964859008789 0.7919412994384766 0.3692069244384766 0.791598892211914 0.7726522827148438
4 0.9393283081054687 0.7813735961914062 0.9400425720214843 0.3606936264038086 0.8742388916015625 0.35953102111816404 0.8735246276855468 0.7802108764648438
