22 0.21341176986694335 0.7203353118896484 0.21424571990966798 0.2319037628173828 0.13766220092773437 0.23012107849121094 0.1368282413482666 0.7185526275634766
17 0.29776880264282224 0.7195457458496094 0.29814016342163085 0.23547706604003907 0.22315488815307616 0.2346927833557129 0.22278350830078125 0.7187614440917969
0 0.38237953186035156 0.7291609954833984 0.38278846740722655 0.2463484001159668 0.30912864685058594 0.2454977798461914 0.3087196922302246 0.7283103942871094
1 0.45550075531005857 0.7374549865722656 0.45591217041015625 0.24717206954956056 0.40394599914550783 0.24657764434814453 0.40353458404541015 0.7368604278564453
14 0.553412094116211 0.739566421508789 0.5535965728759765 0.22670984268188477 0.4723483657836914 0.22631134033203126 0.4721638488769531 0.7391679382324219
31 0.6331449890136719 0.7325740051269531 0.6340294647216796 0.2405168342590332 0.5646970748901368 0.2388177490234375 0.5638125610351562 0.7308749389648438
6 0.7167720794677734 0.7237136077880859 0.7167855834960938 0.25031455993652346 0.6453950500488281 0.2502869415283203 0.6453815460205078 0.7236859893798828
8 0.7996884918212891 0.7299239349365234 0.8003433990478516 0.26245779037475586 0.7298710632324219 0.261111946105957 0.7292162322998047 0.728578109741211
8 0.8817591094970703 0.7338175964355469 0.8821613311767578 0.26671764373779294 0.8131702423095704 0.2659076499938965 0.8127680206298828 0.7330075836181641
2 0.9647384643554687 0.7486830139160157 0.9651189422607422 0.261594295501709 0.8919355773925781 0.26081504821777346 0.8915550994873047 0.7479038238525391
