22 0.0526244592666626 0.8369753265380859 0.1450251007080078 0.8359520721435547 0.1445222759246826 0.26196903228759766 0.052121634483337405 0.26299232482910156
17 0.23496246337890625 0.8226799774169922 0.23528020858764648 0.25501819610595705 0.14834430694580078 0.2544029998779297 0.1480265426635742 0.8220648193359374
0 0.33706729888916015 0.8029879760742188 0.337471923828125 0.25521480560302734 0.2524280166625977 0.25442066192626955 0.2520233917236328 0.8021938323974609
1 0.42090572357177736 0.7902342224121094 0.4213224792480469 0.2319968795776367 0.3553046417236328 0.23137374877929687 0.35488784790039063 0.7896110534667968
13 0.5279656600952148 0.7838402557373046 0.5289387512207031 0.22298069000244142 0.44119632720947266 0.22105607986450196 0.4402232360839844 0.7819155883789063
11 0.6168308258056641 0.7731188201904297 0.6178457641601562 0.2236009979248047 0.5336040878295898 0.22163400650024415 0.5325891494750976 0.7711518096923828
7 0.7226368713378907 0.7684392547607422 0.7226836395263672 0.20850675582885742 0.6303463745117187 0.20840906143188476 0.6302994918823243 0.7683415222167969
3 0.8090784454345703 0.7572126770019532 0.810162353515625 0.2153714942932129 0.7269114685058594 0.21326616287231445 0.7258275604248047 0.7551072692871094
8 0.8966615295410156 0.7515614318847657 0.8977677917480469 0.21516183853149415 0.8189655303955078 0.21310720443725586 0.8178592681884765 0.7495067596435547
1 0.9679590606689453 0.7289901733398437 0.968511962890625 0.20900741577148438 0.9024234771728515 0.20811885833740235 0.9018704986572266 0.728101577758789
