22 0.21909893035888672 0.7137335968017579 0.21925907135009765 0.2736985778808594 0.1407734775543213 0.2734196090698242 0.14061331748962402 0.7134546661376953
17 0.30657867431640623 0.7105457305908203 0.3075979042053223 0.28143489837646485 0.2294892692565918 0.2796230888366699 0.22847002029418945 0.708733901977539
0 0.39170238494873044 0.712901840209961 0.39210445404052735 0.29265562057495115 0.31758106231689454 0.2919593238830566 0.3171789932250977 0.7122055053710937
1 0.46090476989746093 0.7178193664550782 0.4615087890625 0.2951995086669922 0.4092095947265625 0.2944696044921875 0.40860557556152344 0.7170893859863281
13 0.5478325653076171 0.7182108306884766 0.5485440063476562 0.2859290885925293 0.47149177551269533 0.2846907424926758 0.47078033447265627 0.7169725036621094
14 0.6349284744262695 0.7217877960205078 0.6353234481811524 0.2811795425415039 0.5563623809814453 0.28048812866210937 0.5559673309326172 0.721096420288086
7 0.7133694458007812 0.7141746520996094 0.7137806701660157 0.2742293167114258 0.6384521865844727 0.2735417747497559 0.638040885925293 0.7134870147705078
0 0.79796142578125 0.702236557006836 0.7983427429199219 0.2843923568725586 0.7247293090820313 0.2837362861633301 0.7243479919433594 0.7015805053710937
5 0.8827426910400391 0.695272216796875 0.8830223846435546 0.26569664001464843 0.8065695953369141 0.26521045684814454 0.8062899017333984 0.6947859954833985
4 0.9647829437255859 0.7099687957763672 0.9660456085205078 0.26698204040527346 0.8881414031982422 0.2648135757446289 0.8868787384033203 0.70780029296875
