22 0.1474894905090332 0.7653140258789063 0.1479641628265381 0.3420770263671875 0.07341212272644043 0.34073921203613283 0.07293744564056397 0.7639762115478516
17 0.22488784790039062 0.7581161499023438 0.22495731353759765 0.3361787796020508 0.14933982849121094 0.33597957611083984 0.14927035331726074 0.7579170227050781
0 0.3393680191040039 0.7564789581298829 0.33992198944091795 0.34107246398925783 0.27336671829223635 0.33965232849121096 0.2728127479553223 0.755058822631836
2 0.41099559783935546 0.7647724151611328 0.41159542083740236 0.35451148986816405 0.3414363479614258 0.35287033081054686 0.3408365249633789 0.7631312561035156
13 0.5389711380004882 0.7778467559814453 0.539065284729004 0.3704895782470703 0.46324752807617187 0.3702088928222656 0.46315330505371094 0.7775660705566406
28 0.6106622695922852 0.7819549560546875 0.6110405349731445 0.37682178497314456 0.5413435745239258 0.37578067779541013 0.5409653091430664 0.7809138488769531
1 0.7244086456298828 0.7979061889648438 0.7252953338623047 0.38078071594238283 0.6656142425537109 0.3787509918212891 0.664727554321289 0.79587646484375
4 0.7924039459228516 0.79941650390625 0.7927194976806641 0.3847555923461914 0.7299959564208984 0.3839917373657227 0.7296804046630859 0.7986526489257812
4 0.8614480590820313 0.8021363830566406 0.8616171264648438 0.38445823669433593 0.7978573608398437 0.3840452575683594 0.7976882934570313 0.8017234039306641
1 0.9306067657470704 0.8123475646972657 0.9314524078369141 0.40426136016845704 0.8680591583251953 0.40215961456298827 0.8672135162353516 0.8102458190917968
