22 0.21292957305908203 0.7727896881103515 0.21401792526245117 0.26393192291259765 0.13728954315185546 0.2618706130981445 0.1362012004852295 0.7707283782958985
17 0.29854047775268555 0.7701461791992188 0.29968244552612305 0.2634417724609375 0.22190332412719727 0.26124000549316406 0.22076141357421875 0.7679444885253907
0 0.3795299911499023 0.7544157409667969 0.38046939849853517 0.28286516189575195 0.30978334426879883 0.281096363067627 0.30884393692016604 0.7526469421386719
1 0.45569787340337065 0.7524154205345223 0.4589568265203984 0.2733269767680885 0.4038610776190312 0.2713040618816139 0.40315963745117195 0.7481264266979253
13 0.5451119995117187 0.7472825622558594 0.5462806701660157 0.2697049331665039 0.4745466613769531 0.26750003814697265 0.47337799072265624 0.7450776672363282
33 0.6311988067626954 0.7520085144042968 0.632487907409668 0.2678427314758301 0.5595223999023438 0.26540246963500974 0.5582333374023437 0.7495682525634766
2 0.7152082061767578 0.7480948638916015 0.7160875701904297 0.28418478012084963 0.6403028106689453 0.282380428314209 0.6394234848022461 0.7462905120849609
7 0.7976512145996094 0.7507878875732422 0.7984644317626953 0.2746291732788086 0.7258204650878907 0.2730708694458008 0.7250072479248046 0.7492295837402344
0 0.8770901489257813 0.7503287506103515 0.8781440734863282 0.27115339279174805 0.8087803649902344 0.26923694610595705 0.8077264404296876 0.7484123229980468
4 0.9585829162597657 0.7445259094238281 0.959628677368164 0.2601997756958008 0.8872382354736328 0.2582365798950195 0.8861924743652344 0.7425627136230468
