22 0.18199203491210938 0.7061365509033203 0.18257427215576172 0.2056214141845703 0.09900650024414062 0.20442459106445313 0.09842426300048829 0.7049397277832031
17 0.2681663131713867 0.7123609924316406 0.268896541595459 0.22127328872680663 0.18748075485229493 0.21978281021118165 0.18675050735473633 0.7108704376220704
0 0.3537079620361328 0.6967903137207031 0.3542161560058594 0.23449502944946288 0.2760817337036133 0.2334376335144043 0.27557355880737305 0.6957328796386719
3 0.4390281295776367 0.7061238098144531 0.44009891510009763 0.23367958068847655 0.36416988372802733 0.2315608787536621 0.3630990982055664 0.704005126953125
14 0.5302458572387695 0.7113008880615235 0.5308056640625 0.22305328369140626 0.4461063003540039 0.2218577003479004 0.4455465316772461 0.7101052856445312
33 0.6204151535034179 0.7211860656738281 0.621302375793457 0.22897993087768553 0.5373591232299805 0.2271170997619629 0.5364719009399415 0.7193231964111328
0 0.7017694854736328 0.7165042877197265 0.702131118774414 0.25050146102905274 0.625416030883789 0.24976856231689454 0.6250544738769531 0.7157714080810547
2 0.7875749206542969 0.732850341796875 0.7879701232910157 0.2521518135070801 0.7094171142578125 0.2513566970825195 0.7090219116210937 0.7320552062988281
8 0.8725301361083985 0.7287747955322266 0.8733376312255859 0.2590978813171387 0.7958885955810547 0.25745841979980466 0.7950811004638672 0.7271353149414063
5 0.9633275604248047 0.7331435394287109 0.9639286041259766 0.24195627212524415 0.8806131744384765 0.2407011032104492 0.8800121307373047 0.7318883514404297
