22 0.1964735984802246 0.7414234924316406 0.19678747177124023 0.2766560554504395 0.1165446949005127 0.2760116958618164 0.1162308406829834 0.7407791900634766
17 0.28283401489257814 0.7518291473388672 0.2833774185180664 0.287076416015625 0.20360200881958007 0.2859674072265625 0.20305864334106447 0.7507201385498047
0 0.3693975830078125 0.7617471313476563 0.37017379760742186 0.30338531494140625 0.2929211044311523 0.3018296432495117 0.292144832611084 0.760191421508789
1 0.43811283111572263 0.7753973388671875 0.43905460357666015 0.30716190338134763 0.3904423141479492 0.30599924087524416 0.3895005416870117 0.774234619140625
13 0.5233292388916015 0.7816854095458985 0.5243766784667969 0.30800130844116214 0.44684055328369143 0.30596261978149414 0.4457931137084961 0.7796466064453125
29 0.6143208312988281 0.7835308074951172 0.6149315643310547 0.3061355972290039 0.53907958984375 0.30498180389404295 0.5384688568115235 0.7823770904541015
3 0.6951776885986328 0.7971977233886719 0.6961258697509766 0.33391029357910157 0.6208544540405273 0.3320785903930664 0.619906234741211 0.7953659057617187
4 0.7811367034912109 0.8137351989746093 0.7819754791259765 0.34294734954833983 0.7043802642822266 0.3413033676147461 0.7035414886474609 0.8120911407470703
8 0.8690214538574219 0.816601791381836 0.8697087097167969 0.36174861907958983 0.7945362854003907 0.360398063659668 0.7938490295410157 0.8152512359619141
2 0.957237777709961 0.8396601867675781 0.9578832244873047 0.3731828308105469 0.8789319610595703 0.3718840026855469 0.8782865142822266 0.8383613586425781
