22 0.13208087921142578 0.7644379425048828 0.20872417449951172 0.7643444061279296 0.20867427825927734 0.28656705856323245 0.1320310115814209 0.28666057586669924
17 0.29314020156860354 0.768657455444336 0.2939980697631836 0.2900043487548828 0.21768529891967772 0.28840511322021484 0.21682743072509766 0.7670581817626954
0 0.3782940292358398 0.7585406494140625 0.3786112213134766 0.2957534408569336 0.30526840209960937 0.2951657485961914 0.30495122909545896 0.7579529571533203
1 0.45743450164794924 0.7862035369873047 0.4577473068237305 0.2996417808532715 0.40310176849365237 0.299231014251709 0.4027889633178711 0.7857928466796875
14 0.5528197479248047 0.7846509552001953 0.5530474853515625 0.2934027862548828 0.47292724609375 0.2929686546325684 0.4726995086669922 0.7842168426513672
31 0.6331084442138671 0.7768708801269532 0.6340383911132812 0.30284339904785157 0.5644450378417969 0.30124727249145505 0.5635151672363281 0.775274658203125
5 0.7216018676757813 0.7864830780029297 0.721972427368164 0.3085660552978516 0.6450837707519531 0.3078691864013672 0.6447132873535156 0.7857861328125
4 0.7987653350830078 0.7931566619873047 0.7997013092041015 0.32157604217529295 0.7313452911376953 0.31998985290527343 0.7304093170166016 0.7915705108642578
0 0.8880337524414063 0.7902178955078125 0.888327865600586 0.33431060791015627 0.8168199920654297 0.3337710952758789 0.81652587890625 0.7896784210205078
5 0.97449951171875 0.8037152099609375 0.975059814453125 0.3291688537597656 0.8995368194580078 0.3281262969970703 0.8989765930175782 0.8026727294921875
