22 0.21341945648193358 0.7354068756103516 0.2134731674194336 0.25646448135375977 0.13458797454833984 0.25635566711425783 0.1345342540740967 0.735298080444336
17 0.2955451393127441 0.7394637298583985 0.29578786849975586 0.27160696029663084 0.21879131317138673 0.2711154556274414 0.21854854583740235 0.7389722442626954
0 0.3772795867919922 0.740562973022461 0.3774120330810547 0.2855701065063477 0.3035604095458984 0.28530561447143554 0.3034279251098633 0.7402985382080078
4 0.46024486541748044 0.7668077850341797 0.4617366027832031 0.28437095642089844 0.38575439453125 0.28148096084594726 0.3842626571655273 0.7639177703857422
22 0.5463823699951171 0.7648630523681641 0.5467214584350586 0.2936783981323242 0.4689828872680664 0.2929900932312012 0.4686437225341797 0.7641747283935547
30 0.6284099197387696 0.7683704376220704 0.6291299438476563 0.3039731025695801 0.5526724624633789 0.30251487731933596 0.5519524383544921 0.7669123077392578
0 0.7078553771972657 0.7744560241699219 0.7082469177246093 0.31903711318969724 0.6359428024291992 0.3182724189758301 0.6355512619018555 0.7736913299560547
2 0.7909514617919922 0.7897467803955078 0.7911549377441406 0.32567466735839845 0.7147161102294922 0.32526268005371095 0.7145126342773438 0.7893347930908203
1 0.8568282318115235 0.7979478454589843 0.8573674774169922 0.3265731430053711 0.8036335754394531 0.32581703186035155 0.8030943298339843 0.7971917724609375
0 0.9422461700439453 0.8041677856445313 0.9424180603027343 0.3424848556518555 0.8659481048583985 0.3421345901489258 0.8657762145996094 0.8038175201416016
