22 0.18778812408447265 0.7800674438476562 0.1887308120727539 0.27634731292724607 0.1088795566558838 0.27433813095092774 0.10793684005737304 0.7780582427978515
17 0.27538410186767576 0.779443359375 0.2760679054260254 0.27565176010131837 0.19580036163330078 0.27418703079223633 0.19511655807495118 0.7779786682128906
0 0.35997718811035156 0.7745614624023438 0.3602759552001953 0.2853777313232422 0.28397109985351565 0.2847511482238769 0.28367229461669924 0.7739348602294922
2 0.4452487945556641 0.7863360595703125 0.445326042175293 0.2905327987670898 0.36782581329345704 0.29037046432495117 0.36774856567382813 0.7861737060546875
10 0.5280544662475586 0.786831283569336 0.5288578414916992 0.2784552574157715 0.45537605285644533 0.2768941307067871 0.4545727157592773 0.7852702331542969
17 0.6176934814453126 0.7781061553955078 0.618400764465332 0.2736475372314453 0.5383780670166015 0.27213937759399415 0.5376708602905274 0.7765979766845703
7 0.7024638366699218 0.7788179779052734 0.7027861022949219 0.2627804946899414 0.6241833114624024 0.26212060928344727 0.6238610076904297 0.7781581115722657
2 0.78769775390625 0.7830583190917969 0.7881282043457031 0.2893916320800781 0.7095101165771485 0.2884700393676758 0.70907958984375 0.7821366882324219
7 0.8728031921386719 0.776547622680664 0.8737434387207031 0.26782005310058593 0.7959612274169922 0.2658871650695801 0.795020980834961 0.7746147155761719
2 0.9567588806152344 0.776243667602539 0.9575630950927735 0.2773301315307617 0.8784370422363281 0.2756153869628906 0.877632827758789 0.7745288848876953
