22 0.236073055267334 0.6329008865356446 0.23618722915649415 0.0812451171875 0.16390825271606446 0.08097427368164062 0.1637940788269043 0.6326300430297852
17 0.31565916061401367 0.636933822631836 0.31594701766967775 0.0902512264251709 0.24348577499389648 0.08956036567687989 0.24319791793823242 0.6362429428100586
0 0.39456058502197267 0.6348710632324219 0.3947800827026367 0.10955711364746094 0.32630512237548825 0.10903904914855957 0.3260856246948242 0.6343529891967773
2 0.47379302978515625 0.6500423431396485 0.4741453552246094 0.11736729621887207 0.4058757019042969 0.116549654006958 0.40552337646484377 0.6492247009277343
15 0.5572169876098633 0.645560531616211 0.5579202270507813 0.09940672874450683 0.4855167007446289 0.09771876335144043 0.4848134994506836 0.6438726043701172
33 0.6365726089477539 0.6515561676025391 0.6372644424438476 0.11237295150756836 0.5669009780883789 0.11073814392089844 0.5662090682983398 0.6499213409423829
6 0.7156208038330079 0.6447237396240234 0.7156764984130859 0.1264977741241455 0.6491429901123047 0.12636815071105956 0.6490872955322265 0.6445941162109375
2 0.7953347778320312 0.6621215057373047 0.7957850646972656 0.1304333209991455 0.7274446105957031 0.12938542366027833 0.7269943237304688 0.6610735321044922
3 0.8762837219238281 0.6587992858886719 0.8764616394042969 0.12635289192199706 0.8066661071777343 0.1259306812286377 0.8064881896972657 0.6583770751953125
7 0.9558982849121094 0.6682099914550781 0.9562908935546875 0.11465171813964843 0.8875079345703125 0.1137684154510498 0.8871153259277343 0.6673267364501954
