22 0.20484886169433594 0.7366313934326172 0.20578754425048829 0.27643537521362305 0.1262083339691162 0.27477943420410156 0.12526965141296387 0.7349754333496094
17 0.29299095153808596 0.7338198089599609 0.2938725090026855 0.2758380699157715 0.21128149032592775 0.27421621322631834 0.21039995193481445 0.7321979522705078
0 0.3754067611694336 0.7433626556396484 0.37631519317626955 0.3052994346618652 0.29771596908569337 0.3036365509033203 0.2968075180053711 0.7416998291015625
2 0.46093273162841797 0.7487039184570312 0.46184940338134767 0.31110975265502927 0.37978134155273435 0.3093558883666992 0.3788646697998047 0.7469500732421875
16 0.5453125762939454 0.7567771911621094 0.5462288665771484 0.31620988845825193 0.46750114440917967 0.3145393753051758 0.46658485412597656 0.7551067352294922
25 0.6250955963134766 0.7659307861328125 0.626385612487793 0.32096248626708984 0.5494399642944336 0.31868663787841794 0.5481499481201172 0.7636548614501953
5 0.7154425048828125 0.7750072479248047 0.7162326812744141 0.3259580612182617 0.630800552368164 0.32442440032958986 0.6300103759765625 0.7734735870361328
5 0.7995507049560547 0.784262924194336 0.8003156280517578 0.33503921508789064 0.7179714202880859 0.33360889434814456 0.7172064208984374 0.7828326416015625
9 0.8807508087158203 0.7902559661865234 0.881591796875 0.3524595642089844 0.8030251312255859 0.3509200668334961 0.8021842193603516 0.7887164306640625
2 0.9654727935791015 0.8020757293701172 0.9664849853515625 0.36217803955078126 0.8847164154052735 0.36025875091552734 0.8837042236328125 0.8001564025878907
