22 0.1959701347351074 0.6874617767333985 0.1961906623840332 0.25150489807128906 0.12247000694274902 0.2510905647277832 0.12224947929382324 0.6870474243164062
17 0.2789371681213379 0.7062957763671875 0.27968263626098633 0.2627272033691406 0.2054511833190918 0.2613410568237305 0.20470571517944336 0.7049095916748047
0 0.3616275405883789 0.7032703399658203 0.36228946685791014 0.2694402694702148 0.2923984146118164 0.2682553482055664 0.29173648834228516 0.7020854949951172
2 0.4449345779418945 0.7165336608886719 0.4453884506225586 0.2745449829101563 0.3765177536010742 0.2737592124938965 0.37606388092041015 0.7157479095458984
15 0.5327454376220703 0.7184021759033203 0.5337178802490234 0.26306585311889646 0.4578990936279297 0.2612666702270508 0.45692665100097657 0.7166030883789063
27 0.6133304977416992 0.7197126770019531 0.6135968399047852 0.27331451416015623 0.541536979675293 0.27283683776855466 0.5412705993652344 0.7192350006103516
8 0.6971634674072266 0.7199996185302734 0.6979309844970704 0.29649396896362307 0.6284196472167969 0.29509416580200193 0.6276520919799805 0.718599853515625
0 0.7799234771728516 0.7301455688476562 0.7801696014404297 0.30685869216918943 0.7112821197509765 0.30641353607177735 0.7110359954833985 0.7297003936767578
9 0.8623304748535157 0.7397291564941406 0.8630882263183594 0.30237775802612304 0.7961351013183594 0.30108890533447263 0.7953773498535156 0.7384403228759766
2 0.9501342010498047 0.7699967193603515 0.9512255096435547 0.3054773139953613 0.8787606048583985 0.30358573913574216 0.8776692962646484 0.7681051635742188
