22 0.22056140899658203 0.7281893157958984 0.22063385009765624 0.25534305572509763 0.1442695999145508 0.2551983642578125 0.14419713973999024 0.7280445861816406
17 0.3022910690307617 0.7416294097900391 0.303376579284668 0.2729617691040039 0.2283618927001953 0.27081287384033204 0.22727636337280274 0.7394805145263672
0 0.38560588836669923 0.745658950805664 0.38583953857421877 0.2807058334350586 0.31354564666748047 0.28025644302368163 0.31331199645996094 0.7452095794677734
3 0.39510173797607423 0.7498133087158203 0.46761886596679686 0.7496017456054688 0.46750850677490235 0.28170787811279296 0.39499137878417967 0.2819195175170898
12 0.5505250549316406 0.7468179321289062 0.5514690780639648 0.28728919982910156 0.47928680419921876 0.285455322265625 0.4783428192138672 0.7449840545654297
28 0.632971420288086 0.7493698883056641 0.6334459686279297 0.2895523262023926 0.5590063858032227 0.2886021041870117 0.5585318374633789 0.7484195709228516
1 0.7027066040039063 0.7519100189208985 0.7034957122802734 0.27523977279663087 0.6507912445068359 0.2741605949401855 0.650002212524414 0.7508308410644531
0 0.7878009796142578 0.7371512603759766 0.7882790374755859 0.2789102554321289 0.7187860870361328 0.2780135917663574 0.71830810546875 0.7362545776367188
7 0.8677820587158203 0.7344448089599609 0.8687319183349609 0.2622208595275879 0.7958089447021485 0.26040660858154296 0.7948590850830078 0.7326305389404297
4 0.9387363433837891 0.7407028961181641 0.9395915985107421 0.2619948959350586 0.8720639038085938 0.2605027770996094 0.8712085723876953 0.7392107391357422
