22 0.21602693557739258 0.8178069305419922 0.21684160232543945 0.301241455078125 0.13755080223083496 0.2995513153076172 0.13673612594604492 0.8161167907714844
17 0.2990839385986328 0.8138072204589843 0.2995161437988281 0.3048451614379883 0.2204275894165039 0.30393749237060547 0.21999542236328126 0.8128995513916015
0 0.3820950698852539 0.80824951171875 0.38237556457519534 0.31159969329833986 0.30559774398803713 0.3110135841369629 0.3053172302246094 0.8076634216308594
4 0.4680583953857422 0.8228549957275391 0.4689110565185547 0.30894950866699217 0.39027622222900393 0.3071859741210938 0.3894235610961914 0.8210914611816407
21 0.5514429092407227 0.8263931274414062 0.5520997619628907 0.3093181800842285 0.4741534805297852 0.30797979354858396 0.4734966278076172 0.8250547027587891
34 0.6351570892333984 0.8152060699462891 0.636021842956543 0.2915351104736328 0.5602407455444336 0.28984373092651367 0.559375991821289 0.8135147094726562
1 0.7005612182617188 0.8134346771240234 0.7011072540283203 0.3074281883239746 0.6463241577148438 0.3066292381286621 0.6457781219482421 0.8126357269287109
9 0.7860828399658203 0.8136927795410156 0.7864342498779296 0.31326875686645506 0.7107201385498046 0.3125502395629883 0.7103687286376953 0.8129742431640625
8 0.8696141052246094 0.8185626983642578 0.8704122161865234 0.32300609588623047 0.7955266571044922 0.3213758850097656 0.7947285461425782 0.8169324493408203
1 0.9395318603515626 0.8262748718261719 0.9400589752197266 0.3154733467102051 0.8815064239501953 0.31465667724609375 0.8809793853759765 0.8254581451416015
