22 0.1281895637512207 0.7304863739013672 0.20932905197143556 0.7301925659179688 0.20918598175048828 0.24441076278686524 0.12804648399353027 0.24470455169677735
17 0.2931922721862793 0.7304998016357422 0.2932600021362305 0.25509817123413087 0.21497108459472655 0.25496105194091795 0.21490333557128907 0.7303626251220703
0 0.37733165740966795 0.7313076782226563 0.37747184753417967 0.2653046607971191 0.3017771911621094 0.26502471923828125 0.30163700103759766 0.7310277557373047
1 0.44402278900146486 0.7328846740722657 0.44454322814941405 0.2580332374572754 0.39201854705810546 0.2573255920410156 0.3914981460571289 0.7321770477294922
13 0.5312498092651368 0.7393020629882813 0.5313592529296876 0.2565133857727051 0.45444320678710937 0.2562991905212402 0.4543338394165039 0.7390878295898438
20 0.6150932312011719 0.7434513854980469 0.6158332824707031 0.2580749130249023 0.5387055969238281 0.2566291999816894 0.5379655456542969 0.7420056915283203
2 0.6988617706298829 0.7497124481201172 0.6991815185546875 0.2752418518066406 0.6254158782958984 0.2746306610107422 0.6250960922241211 0.7491012573242187
8 0.7817438507080078 0.7383454132080078 0.782498779296875 0.27494331359863283 0.7099602508544922 0.27349081039428713 0.7092053985595703 0.7368928527832032
6 0.8648374176025391 0.7263457489013672 0.8650467681884766 0.2736687660217285 0.793680419921875 0.27326297760009766 0.7934710693359375 0.7259400177001953
5 0.9531378936767578 0.7401213836669922 0.9535722351074218 0.2693830108642578 0.8730712890625 0.2684699249267578 0.872636947631836 0.7392082977294921
