22 0.22250728607177733 0.7605683135986329 0.22268768310546874 0.2634161376953125 0.14214149475097657 0.26302968978881835 0.14196109771728516 0.7601818084716797
17 0.30761783599853515 0.7597951507568359 0.3079074859619141 0.26993297576904296 0.22847166061401367 0.2693119430541992 0.22818201065063476 0.7591740417480469
0 0.3922494125366211 0.7570674896240235 0.39254695892333985 0.2721080207824707 0.3155257034301758 0.271483039855957 0.3152281379699707 0.7564425659179688
1 0.4600839614868164 0.7591519165039062 0.4606644058227539 0.2671339797973633 0.4055710983276367 0.2662745475769043 0.4049906539916992 0.7582925415039062
14 0.5486027145385742 0.7675414276123047 0.5489953231811523 0.2561534881591797 0.4675110244750977 0.2553262138366699 0.4671184158325195 0.7667141723632812
31 0.6297423171997071 0.7603949737548829 0.6308601379394532 0.2659981918334961 0.5597154998779297 0.2638710975646973 0.5585976791381836 0.7582678985595703
7 0.7124202728271485 0.7579325103759765 0.7130567169189453 0.2595418167114258 0.636270751953125 0.2582452392578125 0.6356343460083008 0.7566358947753906
4 0.795859375 0.7601082611083985 0.7968450927734375 0.26126834869384763 0.7185038757324219 0.2592213821411133 0.7175181579589843 0.7580612945556641
4 0.878399658203125 0.7552584075927734 0.8796337890625 0.25850734710693357 0.8013856506347656 0.2559367179870605 0.8001515197753907 0.752687759399414
9 0.9603040313720703 0.754855728149414 0.9607384490966797 0.2737082862854004 0.8871131134033203 0.27282936096191407 0.8866786956787109 0.7539768981933593
