22 0.2215973663330078 0.7889447784423829 0.22194608688354492 0.3228812408447266 0.13990724563598633 0.3221076202392578 0.1395585060119629 0.7881710815429688
17 0.30707273483276365 0.7827642822265625 0.3079334831237793 0.3257586669921875 0.2281882095336914 0.323865966796875 0.22732748031616212 0.7808715057373047
0 0.3844467544555664 0.7203740692138672 0.3852850341796875 0.3304773712158203 0.3154575729370117 0.3285854339599609 0.3146192932128906 0.7184820556640625
1 0.45762435913085936 0.718331298828125 0.4582681655883789 0.31608474731445313 0.4101519393920898 0.3151141929626465 0.40950809478759764 0.7173607635498047
10 0.5505783462524414 0.7876457214355469 0.5516177368164062 0.32373626708984377 0.48378963470458985 0.3218210601806641 0.48275028228759764 0.7857305145263672
33 0.6365595626831054 0.7741233062744141 0.6373096084594727 0.31211746215820313 0.5688386535644532 0.31071657180786133 0.5680886077880859 0.772722396850586
8 0.719835433959961 0.7753351593017578 0.7200462341308593 0.3275334548950195 0.6502714538574219 0.3271195602416992 0.6500606536865234 0.7749212646484375
1 0.8135717010498047 0.7825008392333984 0.8141877746582031 0.3155743408203125 0.7469042205810547 0.314455509185791 0.7462881469726562 0.7813819885253906
7 0.8877642059326172 0.7343505859375 0.8891069030761719 0.30289129257202146 0.8163712310791016 0.3000387191772461 0.8150286865234375 0.731498031616211
6 0.9702677917480469 0.7414048767089844 0.9715544891357422 0.32138843536376954 0.9005697631835937 0.3186476516723633 0.8992830657958985 0.7386640930175781
