22 0.20411535263061523 0.825992202758789 0.20472700119018555 0.2815036201477051 0.11358855247497558 0.2800417900085449 0.11297691345214844 0.8245303344726562
17 0.29607831954956054 0.8145962524414062 0.29711261749267576 0.2793529319763184 0.20688735961914062 0.27686351776123047 0.20585308074951172 0.8121067810058594
0 0.38666118621826173 0.7984274291992187 0.3871910858154297 0.26763851165771485 0.30016454696655276 0.26639791488647463 0.29963462829589843 0.7971868133544922
1 0.45846134185791015 0.7863697814941406 0.4594804000854492 0.24795278549194336 0.39934627532958983 0.24632766723632812 0.39832721710205077 0.7847447204589844
13 0.5447908020019532 0.7645182800292969 0.545825080871582 0.24054012298583985 0.4638785171508789 0.23823047637939454 0.46284423828125 0.7622085571289062
29 0.6383280181884765 0.7556507873535157 0.6393952941894532 0.21552839279174804 0.5596342849731445 0.21327804565429687 0.5585669708251954 0.7534004211425781
7 0.7202462768554687 0.7083455657958985 0.7213789367675781 0.20138141632080078 0.6388170623779297 0.19874765396118163 0.6376844024658204 0.7057117462158203
4 0.7983535766601563 0.7065186309814453 0.7994652557373046 0.18545331954956054 0.7207492828369141 0.18305566787719726 0.7196377563476563 0.7041210174560547
0 0.8821028900146485 0.6754476165771485 0.8829537963867188 0.17860038757324218 0.8053238677978516 0.17670211791992188 0.8044729614257813 0.6735492706298828
0 0.962864990234375 0.6531658935546875 0.963948974609375 0.16243682861328124 0.8869580841064453 0.160008487701416 0.8858740997314453 0.650737533569336
