22 0.20521196365356445 0.7072871398925781 0.20524961471557618 0.2819194221496582 0.12941948890686036 0.2818499183654785 0.1293818473815918 0.7072176361083984
17 0.2884804344177246 0.708067398071289 0.2886988258361816 0.2895549011230469 0.21456605911254883 0.28915416717529296 0.21434768676757812 0.7076667022705078
0 0.3714125442504883 0.706597900390625 0.3716312026977539 0.2964901351928711 0.30069833755493164 0.2960982894897461 0.30047967910766604 0.7062060546875
4 0.38344928741455075 0.7246454620361328 0.4561588287353516 0.7246064758300781 0.456136474609375 0.29207509994506836 0.38342693328857425 0.29211408615112305
21 0.5402643585205078 0.7215683746337891 0.5413590621948242 0.2912893867492676 0.46754573822021483 0.28934377670288086 0.4664510345458984 0.719622802734375
11 0.6234813308715821 0.7180791473388672 0.6240070343017579 0.3004308319091797 0.5520388412475586 0.2994921875 0.5515130615234375 0.7171405029296875
9 0.708548583984375 0.7172357177734375 0.70902099609375 0.3066753959655762 0.6382318878173828 0.3058315277099609 0.6377594375610351 0.716391830444336
0 0.7917808532714844 0.716339111328125 0.79201416015625 0.3101238822937012 0.7210904693603516 0.30970176696777346 0.720857162475586 0.7159169769287109
6 0.8755810546875 0.7215192413330078 0.8756101989746093 0.3125461578369141 0.8051287841796875 0.31249418258666994 0.8050996398925782 0.72146728515625
6 0.9574981689453125 0.7212675476074218 0.957550048828125 0.3108439064025879 0.8881118011474609 0.31075296401977537 0.8880599212646484 0.7211766052246094
