22 0.19735294342041015 0.7715589141845703 0.19769405364990233 0.29407108306884766 0.12403084754943848 0.29339447021484377 0.12368974685668946 0.770882339477539
17 0.28382381439208987 0.7804678344726562 0.2846468162536621 0.2992892265319824 0.20886590957641601 0.2976227760314941 0.20804290771484374 0.7788013458251953
0 0.3673103332519531 0.7802763366699219 0.3674915313720703 0.3078691864013672 0.29701072692871094 0.3075215148925781 0.2968294906616211 0.7799286651611328
2 0.45078330993652344 0.7849957275390625 0.451434326171875 0.3004534149169922 0.381961555480957 0.29925323486328126 0.3813105392456055 0.7837954711914062
15 0.5416721725463867 0.7742816162109375 0.5425162506103516 0.2795745468139648 0.46640621185302733 0.2779049301147461 0.46556209564208983 0.7726119995117188
30 0.624049186706543 0.7745116424560546 0.6248334121704101 0.292398624420166 0.5527802276611328 0.2908917427062988 0.5519960021972656 0.7730046844482422
0 0.7029650115966797 0.7759197998046875 0.7034622955322266 0.30484914779663086 0.6382937622070313 0.3039645767211914 0.6377964782714843 0.7750351715087891
6 0.7858773040771484 0.7762458801269532 0.7860678100585937 0.2982656097412109 0.7181379699707031 0.29791740417480467 0.7179474639892578 0.7758976745605469
5 0.8749738311767579 0.7756967926025391 0.8753473663330078 0.2952016067504883 0.8009380340576172 0.294457950592041 0.8005645751953125 0.7749531555175782
4 0.9498117065429688 0.7835550689697266 0.9508821105957032 0.3070964813232422 0.8854763031005859 0.30520721435546877 0.8844058227539062 0.7816658782958984
