22 0.19873174667358398 0.7607133483886719 0.19894216537475587 0.28055309295654296 0.11779386520385743 0.28010963439941405 0.11758345603942871 0.7602698516845703
17 0.2849237823486328 0.7628919219970703 0.2851475524902344 0.2837496185302734 0.20399471282958984 0.2832770729064941 0.2037709617614746 0.7624193572998047
0 0.3711593246459961 0.7633921813964843 0.3715507507324219 0.2892342185974121 0.2928661918640137 0.28842418670654296 0.2924747085571289 0.7625820922851563
1 0.43901260375976564 0.76986572265625 0.4394672393798828 0.2893990898132324 0.38417892456054686 0.2887466621398926 0.383724250793457 0.7692132568359376
13 0.5262285995483399 0.7702634429931641 0.5272179412841796 0.2818582916259766 0.44689594268798827 0.27982946395874025 0.44590660095214846 0.7682346343994141
29 0.6116630935668945 0.7695378112792969 0.6125442886352539 0.27967416763305664 0.5355559158325195 0.2779470634460449 0.5346746444702148 0.7678106689453125
0 0.6942669677734375 0.7687429046630859 0.6950489807128907 0.29705814361572264 0.6195882034301757 0.295498161315918 0.6188062286376953 0.7671829223632812
7 0.7778297424316406 0.766303482055664 0.7782380676269531 0.28634517669677734 0.7023393249511719 0.28554004669189453 0.7019310760498046 0.7654983520507812
2 0.8591069030761719 0.771664047241211 0.8592459869384765 0.29584312438964844 0.7833349609375 0.29556644439697266 0.7831958770751953 0.7713873291015625
8 0.9413270568847656 0.7546194458007812 0.9421433258056641 0.3028382682800293 0.869078140258789 0.30119211196899415 0.8682618713378907 0.7529732513427735
