22 0.1909429359436035 0.7856333923339843 0.19131134033203126 0.2802237319946289 0.1130242919921875 0.2794841194152832 0.1126558780670166 0.784893798828125
17 0.27671966552734373 0.7954296112060547 0.2771728897094727 0.29285890579223633 0.20055431365966797 0.29196346282958985 0.20010107040405273 0.7945341491699218
0 0.3627219772338867 0.7918630981445313 0.36334228515625 0.30866666793823244 0.29019454956054686 0.3074496650695801 0.28957424163818357 0.790645980834961
2 0.44830539703369143 0.81173828125 0.4487604141235352 0.3162841796875 0.3756097412109375 0.3154135322570801 0.3751546859741211 0.8108676910400391
11 0.5363537216186524 0.8069515228271484 0.536890754699707 0.30844419479370117 0.4603609085083008 0.30737585067749024 0.4598238754272461 0.8058831787109375
34 0.6200395202636719 0.8083867645263672 0.6213458633422851 0.31079534530639646 0.5535369491577149 0.3084882164001465 0.5522306442260743 0.8060796356201172
9 0.7054389953613281 0.8126763916015625 0.7059270477294922 0.3248782730102539 0.6322988891601562 0.3239235687255859 0.6318108367919922 0.8117216491699218
3 0.7903428649902344 0.8119510650634766 0.7905242919921875 0.3234531402587891 0.7184017944335938 0.32310588836669923 0.7182204437255859 0.811603775024414
9 0.8749053955078125 0.8193435668945312 0.8753052520751953 0.3340925598144531 0.8034531402587891 0.3333251953125 0.8030532836914063 0.8185761260986328
4 0.956795654296875 0.8251763153076171 0.9582740783691406 0.3272808837890625 0.8878997802734375 0.32457283020019534 0.8864214324951172 0.8224681854248047
