22 0.2137153434753418 0.7476394653320313 0.21386024475097656 0.2851385498046875 0.1385945510864258 0.2848649597167969 0.13844964981079103 0.7473658752441407
17 0.2969871711730957 0.7517436981201172 0.2976152801513672 0.2922321319580078 0.2229415512084961 0.2910477828979492 0.22231342315673827 0.7505593109130859
0 0.3781289291381836 0.7505136871337891 0.37845535278320314 0.29884361267089843 0.30966987609863283 0.29826677322387696 0.30934343338012693 0.7499368286132813
3 0.4627063751220703 0.7551068878173828 0.46352088928222657 0.2983456230163574 0.39298988342285157 0.29688627243041993 0.39217533111572267 0.7536475372314453
13 0.5445881652832031 0.7541606140136718 0.5455480194091797 0.2966647148132324 0.47512218475341794 0.2949503707885742 0.4741623687744141 0.7524462890625
10 0.6265363693237305 0.7554690551757812 0.6273844146728516 0.29427921295166015 0.5599816513061523 0.2928410720825195 0.5591335296630859 0.7540309143066406
2 0.7120777130126953 0.759622802734375 0.7127276611328125 0.30755508422851563 0.6418480682373047 0.30637264251708984 0.6411981201171875 0.7584403991699219
8 0.79489501953125 0.7454712677001953 0.7952181243896485 0.3079518699645996 0.7266193389892578 0.30736392974853516 0.7262962341308594 0.7448833465576172
1 0.8691800689697265 0.757767333984375 0.8695690155029296 0.293219051361084 0.8203213500976563 0.29274078369140627 0.8199324035644531 0.7572890472412109
7 0.95802978515625 0.7598303985595704 0.9588443756103515 0.29224496841430664 0.8873006439208985 0.2907988357543945 0.8864861297607421 0.7583843231201172
