22 0.2109122657775879 0.7436802673339844 0.21093677520751952 0.261716365814209 0.1330135726928711 0.26166376113891604 0.13298904418945312 0.7436276245117187
17 0.29441844940185546 0.7453540802001953 0.29453369140625 0.27313814163208006 0.2177043914794922 0.27288930892944335 0.217589111328125 0.7451052093505859
0 0.37578861236572264 0.7470501708984375 0.3760193252563477 0.2842045211791992 0.30287927627563477 0.28372100830078123 0.3026485824584961 0.7465666198730468
4 0.4575085830688477 0.7597339630126954 0.4589154815673828 0.2788949966430664 0.3842510986328125 0.2759976387023926 0.38284420013427733 0.7568366241455078
16 0.5400020599365234 0.7603850555419922 0.5409206771850585 0.2835101699829102 0.4677244567871094 0.28164005279541016 0.46680580139160155 0.7585149383544922
35 0.6248601531982422 0.7738721466064453 0.6250340270996094 0.2798385238647461 0.5462380218505859 0.2794708251953125 0.5460641479492188 0.7735044097900391
4 0.7060593414306641 0.7838787841796875 0.7071444702148437 0.2978700637817383 0.6304966735839844 0.29560026168823245 0.6294115066528321 0.7816089630126953
0 0.7873519897460938 0.7701905059814453 0.7875958251953125 0.3108512496948242 0.7151738739013672 0.31034145355224607 0.7149300384521484 0.7696807098388672
2 0.8678970336914062 0.7842223358154297 0.868207778930664 0.31738880157470706 0.7948848724365234 0.3167413139343262 0.7945740509033203 0.7835749053955078
3 0.9473410034179688 0.7800176239013672 0.9478079223632813 0.3134783172607422 0.8763944244384766 0.312530460357666 0.8759275054931641 0.7790697479248047
