22 0.1973582077026367 0.7229759979248047 0.19739593505859376 0.23415115356445312 0.11259176254272461 0.23406770706176758 0.11255403518676758 0.7228926086425781
17 0.28195991516113283 0.7246851348876953 0.28271377563476563 0.23981483459472655 0.20229337692260743 0.2382200813293457 0.20153955459594727 0.7230903625488281
0 0.3657675552368164 0.722059097290039 0.36642108917236327 0.24736080169677735 0.28857528686523437 0.24599384307861327 0.2879218101501465 0.7206920623779297
1 0.4321600341796875 0.7353269195556641 0.43255340576171875 0.25142181396484375 0.37834480285644534 0.25085977554321287 0.37795143127441405 0.7347648620605469
15 0.5215851211547852 0.7453358459472657 0.5221718597412109 0.2502049255371094 0.44132041931152344 0.24898279190063477 0.440733642578125 0.74411376953125
11 0.6017768859863282 0.7430214691162109 0.6022253799438476 0.25589397430419925 0.5240721130371093 0.2549761772155762 0.5236236572265625 0.7421037292480469
2 0.68670166015625 0.7502505493164062 0.687125244140625 0.2754645729064941 0.6078196334838867 0.27456226348876955 0.6073960494995118 0.7493482208251954
6 0.6954558563232421 0.7431789398193359 0.7712354278564453 0.7428001403808594 0.7710524749755859 0.2760189247131348 0.6952729034423828 0.276397762298584
5 0.8580876159667968 0.7490674591064453 0.8582673645019532 0.2687800216674805 0.7766897583007812 0.2683907127380371 0.776510009765625 0.7486781311035157
4 0.9389263916015625 0.7505599212646484 0.9399159240722657 0.2722024345397949 0.8633253479003906 0.2701814842224121 0.8623358154296875 0.7485389709472656
