22 0.2328452682495117 0.7243752288818359 0.23289230346679687 0.3402994155883789 0.15845498085021972 0.34021743774414065 0.15840798377990722 0.724293212890625
17 0.30983388900756836 0.7189613342285156 0.31004350662231445 0.3435544204711914 0.23871084213256835 0.34319587707519533 0.23850120544433595 0.7186027526855469
0 0.38750030517578127 0.7157013702392578 0.38758747100830077 0.3518983840942383 0.3195983123779297 0.351751708984375 0.3195111083984375 0.7155546569824218
1 0.44931625366210937 0.7234555053710937 0.4496648025512695 0.3514947509765625 0.4029294204711914 0.3511006164550781 0.40258087158203126 0.723061294555664
13 0.5267474746704102 0.7213229370117188 0.5275551223754883 0.350460205078125 0.45909393310546875 0.3491183090209961 0.458286247253418 0.7199810791015625
20 0.604053726196289 0.7223201751708984 0.604825782775879 0.3480550384521484 0.5360539627075195 0.34677818298339846 0.5352819061279297 0.7210433197021484
3 0.6789685821533203 0.7147468566894531 0.679216537475586 0.3527775955200195 0.6136651611328126 0.3523734664916992 0.6134172058105469 0.7143427276611328
9 0.7558213806152344 0.7153534698486328 0.7560249328613281 0.35598392486572267 0.6897300720214844 0.3556462478637695 0.689526596069336 0.7150157928466797
0 0.8318856811523437 0.7105046844482422 0.8321601104736328 0.35684799194335937 0.766458740234375 0.3563890075683594 0.7661842346191406 0.7100456237792969
9 0.9063346099853515 0.7118424224853516 0.9067694091796875 0.35345184326171875 0.8419644165039063 0.35274448394775393 0.8415296936035156 0.7111351013183593
