22 0.1289185905456543 0.7326324462890625 0.20569370269775392 0.7325260925292969 0.20563312530517577 0.2826523780822754 0.128858003616333 0.28275876998901367
17 0.2894631576538086 0.7320446014404297 0.2897073936462402 0.29149263381958007 0.214074764251709 0.29106117248535157 0.21383052825927734 0.7316130828857422
0 0.3738595962524414 0.7270428466796875 0.37399295806884764 0.2931161308288574 0.29979619979858396 0.29288158416748045 0.2996628570556641 0.7268083190917969
1 0.4457405471801758 0.7271565246582031 0.4460575103759766 0.2819002914428711 0.39712989807128907 0.28154186248779295 0.3968129348754883 0.7267981719970703
13 0.5371081924438477 0.719290771484375 0.5373865509033203 0.2705672073364258 0.4643266677856445 0.27010082244873046 0.46404834747314455 0.7188243865966797
11 0.6225651550292969 0.7161679077148437 0.6230831146240234 0.2705127906799316 0.548475341796875 0.2696204566955566 0.5479573440551758 0.7152755737304688
7 0.7056887817382812 0.7087651062011718 0.7059368133544922 0.2656779670715332 0.6324381256103515 0.2652544403076172 0.6321899795532226 0.7083415222167969
7 0.7866860961914063 0.7052474212646485 0.7868819427490235 0.26118024826049807 0.7136849975585937 0.2608481025695801 0.7134891510009765 0.7049153137207032
6 0.8672641754150391 0.7015714263916015 0.8673104858398437 0.27417282104492186 0.7971769714355469 0.27409440994262696 0.7971306610107421 0.7014929962158203
7 0.9495911407470703 0.7104924011230469 0.9500563049316406 0.2644587516784668 0.8759166717529296 0.2636631774902344 0.8754515838623047 0.7096968078613282
