22 0.196213436126709 0.7405081176757813 0.1970563316345215 0.25266504287719727 0.12310859680175781 0.2509755516052246 0.12226568222045898 0.7388186645507813
17 0.28153276443481445 0.7342127227783203 0.28261220932006836 0.2546540832519531 0.20837072372436524 0.2524443244934082 0.20729127883911133 0.732002944946289
0 0.3646514892578125 0.7370056915283203 0.36505020141601563 0.2632830047607422 0.2947119140625 0.26250007629394534 0.2943131637573242 0.7362227630615235
2 0.44942798614501955 0.7506505584716797 0.4495529556274414 0.26781330108642576 0.3779488754272461 0.2675683212280273 0.37782390594482423 0.7504055786132813
16 0.5343502044677735 0.7375013732910156 0.5347613143920898 0.25888618469238284 0.46530536651611326 0.25809732437133787 0.46489429473876953 0.7367124938964844
14 0.6215154647827148 0.749637451171875 0.6218772125244141 0.2509667587280273 0.5449881744384766 0.2502291488647461 0.5446264266967773 0.7488997650146484
5 0.704521484375 0.7439052581787109 0.7049375915527344 0.2624574089050293 0.6311135864257813 0.2616136169433594 0.6306974411010742 0.7430614471435547
5 0.7888338470458984 0.7470114135742187 0.7890996551513672 0.2646090698242187 0.7141913604736329 0.2640631484985352 0.713925552368164 0.7464655303955078
8 0.8684550476074219 0.7484307861328126 0.8690974426269531 0.2801722526550293 0.8006410217285156 0.2789303398132324 0.7999986267089844 0.7471888732910156
3 0.9521028137207032 0.7586174774169921 0.9522943115234375 0.27902572631835937 0.8853440856933594 0.2786723709106445 0.885152587890625 0.7582640838623047
