22 0.2085835838317871 0.7620620727539062 0.20950756072998047 0.28411447525024414 0.13177943229675293 0.2821575927734375 0.13085545539855958 0.7601052093505859
17 0.292728157043457 0.7562986755371094 0.2928333282470703 0.2831421852111816 0.2168787384033203 0.28292236328125 0.2167736053466797 0.7560788726806641
0 0.3756274795532227 0.7543677520751954 0.3758867645263672 0.2934680938720703 0.30250627517700196 0.2929304885864258 0.3022469902038574 0.7538301849365234
2 0.4568647384643555 0.7717715454101562 0.4576580047607422 0.30032943725585937 0.38456748962402343 0.29872783660888674 0.3837742233276367 0.770169906616211
15 0.5460673141479492 0.7695343780517578 0.5470991897583007 0.2820908164978027 0.4683649826049805 0.27992031097412107 0.46733314514160157 0.7673638153076172
30 0.6271808624267579 0.7651470184326172 0.6278110122680665 0.2948345756530762 0.5527288818359375 0.2935246467590332 0.5520988082885743 0.7638371276855469
2 0.7074192047119141 0.7745068359375 0.7076419830322266 0.30646255493164065 0.6344877624511719 0.3060089874267578 0.6342648696899414 0.7740533447265625
7 0.7906185150146484 0.7714292144775391 0.7908460998535156 0.2937481689453125 0.7152457427978516 0.29327901840209963 0.7150181579589844 0.7709600067138672
0 0.8746694183349609 0.7724427795410156 0.8749128723144531 0.3118825340270996 0.8012113189697265 0.3113754463195801 0.8009679412841797 0.7719356536865234
6 0.9592163848876953 0.779394760131836 0.9594223785400391 0.31595325469970703 0.885557632446289 0.3155257797241211 0.885351791381836 0.77896728515625
