22 0.2019880485534668 0.7464643859863281 0.20208179473876953 0.2726458549499512 0.12502089500427246 0.27246877670288083 0.12492712020874024 0.7462873077392578
17 0.28423864364624024 0.7375388336181641 0.28537031173706057 0.2739797019958496 0.20969919204711915 0.27183488845825193 0.20856752395629882 0.7353940582275391
0 0.36919403076171875 0.7325198364257812 0.3696025848388672 0.2772068023681641 0.29354909896850584 0.27641448974609373 0.2931405258178711 0.7317274475097656
1 0.44416255950927735 0.73744873046875 0.44455547332763673 0.2689586067199707 0.3904982376098633 0.26843217849731443 0.3901053237915039 0.7369223022460938
13 0.5383470535278321 0.7412950134277344 0.5385475158691406 0.2668075180053711 0.4603091812133789 0.26642379760742185 0.46010871887207033 0.7409113311767578
20 0.6255942535400391 0.7448763275146484 0.6263162994384766 0.27254035949707034 0.5471237182617188 0.2711348533630371 0.5464016723632813 0.7434708404541016
3 0.7067977905273437 0.7310552978515625 0.7072010040283203 0.28242958068847657 0.6338568878173828 0.28166416168212893 0.6334536743164062 0.7302898406982422
0 0.7924903869628906 0.7378009033203125 0.7926054382324219 0.2874252128601074 0.717871322631836 0.2872037887573242 0.7177562713623047 0.7375794982910157
7 0.8774002838134766 0.7448298645019531 0.8774814605712891 0.27432750701904296 0.8001716613769532 0.27417266845703125 0.8000904846191407 0.7446750640869141
2 0.960194091796875 0.754830322265625 0.9606548309326172 0.29092798233032224 0.8839509582519531 0.29004371643066407 0.8834902954101562 0.7539460754394531
