22 0.20198995590209962 0.7368846893310547 0.20246414184570313 0.25494754791259766 0.12066063880920411 0.25396162033081054 0.12018646240234375 0.7358988189697265
17 0.2900348663330078 0.7210657501220703 0.29031646728515625 0.25891334533691407 0.2095223045349121 0.25831037521362304 0.20924074172973633 0.7204627990722656
0 0.3726715087890625 0.764512939453125 0.37294689178466794 0.29273548126220705 0.2987506103515625 0.2922050094604492 0.29847522735595705 0.7639824676513672
3 0.4640242767333984 0.7795355987548828 0.46475002288818357 0.3001699447631836 0.38105838775634765 0.2986178398132324 0.3803326416015625 0.7779834747314454
12 0.5523283386230469 0.7778948211669922 0.5530731201171875 0.296995677947998 0.47385517120361326 0.29549280166625974 0.47311038970947267 0.7763919067382813
31 0.6401523590087891 0.776089096069336 0.640836181640625 0.2938087272644043 0.5648456954956055 0.29248872756958005 0.5641619110107422 0.7747691345214843
3 0.7256328582763671 0.7762908172607422 0.7258013153076172 0.2991752052307129 0.6508558654785156 0.2988511848449707 0.650687484741211 0.775966796875
3 0.8123770904541016 0.7771509552001953 0.8125403594970703 0.3024646949768066 0.7356266784667969 0.3021404457092285 0.7354634094238282 0.7768267059326172
3 0.8975245666503906 0.7740364074707031 0.8984540557861328 0.31069231033325195 0.8221404266357422 0.3088167381286621 0.8212109375 0.7721607971191407
9 0.9850920104980468 0.7758112335205078 0.9855677032470703 0.31059091567993163 0.9085621643066406 0.30962625503540037 0.9080864715576172 0.7748466491699219
