22 0.1732733154296875 0.7711148071289062 0.1735227394104004 0.2852432632446289 0.09479875564575195 0.2847617530822754 0.09454932212829589 0.770633316040039
17 0.2621071243286133 0.7713389587402344 0.26242244720458985 0.2837993240356445 0.18318241119384765 0.28318885803222654 0.18286710739135742 0.7707284545898437
0 0.3490839385986328 0.7679969024658203 0.3495068359375 0.28723600387573245 0.27341434478759763 0.2864386177062988 0.2729914474487305 0.767199478149414
3 0.4366001129150391 0.7745785522460937 0.437143440246582 0.28453086853027343 0.36322731018066406 0.28355443954467774 0.36268398284912107 0.7736021423339844
13 0.5202047729492187 0.7733419036865234 0.5211104583740235 0.2812581443786621 0.448169059753418 0.27965864181518557 0.4472633743286133 0.7717424011230469
33 0.6108884811401367 0.7826490020751953 0.6116672134399415 0.28420022964477537 0.5373405838012695 0.2828168296813965 0.5365618896484375 0.7812656402587891
6 0.6955680084228516 0.7724578094482422 0.695648193359375 0.29935115814208985 0.6275988388061523 0.29921382904052735 0.6275187301635742 0.7723204803466797
9 0.7838119506835938 0.7749151611328124 0.78418212890625 0.3041119194030762 0.7144078063964844 0.3034582710266113 0.7140376281738281 0.774261474609375
8 0.8715570831298828 0.7728897857666016 0.8717843627929688 0.31016700744628906 0.7995539855957031 0.30974430084228516 0.7993266296386718 0.772467041015625
2 0.9603532409667969 0.7969113922119141 0.960712890625 0.3087579536437988 0.8864332580566406 0.3081060409545898 0.8860736083984375 0.7962593841552734
