22 0.19596975326538085 0.7453879547119141 0.1961595344543457 0.30286642074584963 0.12237106323242188 0.3025262451171875 0.12218128204345703 0.7450477600097656
17 0.27970281600952146 0.746903076171875 0.27981952667236326 0.302002010345459 0.20575319290161131 0.301793212890625 0.20563650131225586 0.7466942596435547
0 0.36228084564208984 0.7367333984375 0.3624201583862305 0.3064766502380371 0.29197275161743164 0.30623144149780274 0.29183345794677734 0.7364881896972656
3 0.44773517608642577 0.7416855621337891 0.44829402923583983 0.3004581260681152 0.37806354522705077 0.299501895904541 0.3775046920776367 0.7407293701171875
14 0.5354258346557618 0.7440167236328125 0.5357903671264649 0.2898184013366699 0.45929927825927735 0.2891584014892578 0.45893474578857424 0.7433566284179688
27 0.6161993789672852 0.7441355133056641 0.617037467956543 0.3032082557678223 0.5438047790527344 0.30171186447143555 0.542966651916504 0.7426390838623047
0 0.7000177001953125 0.7352120971679688 0.7002377319335937 0.3089149284362793 0.6293033218383789 0.3085212707519531 0.6290832901000977 0.7348184204101562
3 0.7844703674316407 0.7447100067138672 0.7853550720214844 0.30576791763305666 0.7152107238769532 0.30424821853637696 0.7143260192871094 0.7431903839111328
3 0.8673844146728515 0.7459843444824219 0.8682823944091796 0.30780208587646485 0.7984981536865234 0.306264705657959 0.7976001739501953 0.7444469451904296
6 0.948880844116211 0.7428465270996094 0.9493506622314453 0.3146466636657715 0.8838024139404297 0.31387346267700195 0.8833325958251953 0.7420733642578125
