22 0.2212882423400879 0.7093383026123047 0.22144174575805664 0.27793914794921876 0.14557689666748047 0.2776574516296387 0.14542341232299805 0.709056625366211
17 0.30251068115234375 0.7169631958007813 0.30360471725463867 0.28754552841186526 0.2294711685180664 0.28557411193847654 0.22837711334228517 0.7149917602539062
0 0.38275871276855467 0.7147171020507812 0.3832384490966797 0.29839536666870115 0.3133242416381836 0.2975543785095215 0.3128444480895996 0.7138761138916015
2 0.4641789627075195 0.7308732604980469 0.46440494537353516 0.3061088562011719 0.39278831481933596 0.3057111740112305 0.39256237030029295 0.7304756164550781
16 0.5473196029663085 0.7270894622802735 0.548219223022461 0.31051666259765626 0.47839046478271485 0.3089426422119141 0.4774908447265625 0.7255154418945312
17 0.6294136810302734 0.7316815948486328 0.6303024291992188 0.3100347900390625 0.5576744842529296 0.30843683242797854 0.5567856979370117 0.7300836181640625
9 0.7077802276611328 0.7334678649902344 0.7082747650146485 0.315734806060791 0.6407910919189453 0.3149008369445801 0.6402965545654297 0.7326338958740234
9 0.789389877319336 0.7431954193115234 0.7897998809814453 0.32327129364013674 0.7210873413085938 0.3225711441040039 0.7206773376464843 0.7424952697753906
5 0.8724443054199219 0.7480537414550781 0.8726378631591797 0.3178901672363281 0.8002903747558594 0.31755035400390624 0.8000968933105469 0.7477139282226563
4 0.9508511352539063 0.7622224426269532 0.9520266723632812 0.33391876220703126 0.8825823974609375 0.3319293975830078 0.8814069366455078 0.7602330017089843
