22 0.2120611000061035 0.7520326232910156 0.2120989418029785 0.24593011856079103 0.13579421043395995 0.24585483551025392 0.1357563877105713 0.7519573211669922
17 0.29743036270141604 0.7521331787109375 0.2979243659973145 0.2560654067993164 0.22228059768676758 0.25507095336914065 0.2217865753173828 0.7511386108398438
0 0.38319759368896483 0.7504785919189453 0.3835662841796875 0.2593598747253418 0.3089717292785645 0.2586205863952637 0.3086029815673828 0.7497393798828125
3 0.4680207824707031 0.7558319091796875 0.46842910766601564 0.2621221160888672 0.3952548599243164 0.2613232421875 0.3948465728759766 0.7550330352783203
13 0.5514233016967773 0.7523986053466797 0.5524615478515625 0.2572528076171875 0.47916828155517577 0.25522407531738284 0.4781300354003906 0.750369873046875
10 0.6324293518066406 0.7531355285644531 0.6333753967285156 0.2579758071899414 0.5642295455932618 0.2562318992614746 0.5632835006713868 0.7513916015625
0 0.7221856689453126 0.7374479675292969 0.7224979400634766 0.25882497787475583 0.6492881774902344 0.2581943511962891 0.6489759063720704 0.7368172454833984
1 0.7928743743896485 0.7385769653320312 0.7932404327392578 0.2437494468688965 0.744874267578125 0.2432771873474121 0.7445082092285156 0.7381045532226562
2 0.8840294647216796 0.7444850158691406 0.8845074462890625 0.25429540634155273 0.8111994171142578 0.25335165023803713 0.810721435546875 0.7435413360595703
2 0.9652313995361328 0.7365094757080078 0.9657840728759766 0.2560299301147461 0.8935793304443359 0.2549334144592285 0.8930266571044921 0.7354129791259766
