22 0.2296122741699219 0.7678363037109375 0.22981626510620118 0.29058122634887695 0.15650799751281738 0.2901706314086914 0.15630399703979492 0.7674256896972657
17 0.3117149162292481 0.7666242980957031 0.3126617431640625 0.292908821105957 0.2402785301208496 0.29101329803466797 0.23933172225952148 0.7647288513183593
0 0.39297210693359375 0.7571881866455078 0.3931737518310547 0.2919752883911133 0.3239636611938477 0.2915822219848633 0.32376205444335937 0.7567951202392578
2 0.4731758499145508 0.7685511779785156 0.4737080001831055 0.292993335723877 0.4049044418334961 0.2919845199584961 0.4043722915649414 0.7675423431396484
14 0.5597265243530274 0.7747415924072265 0.5599538040161133 0.27797439575195315 0.48367431640625 0.27751716613769534 0.4834470367431641 0.7742843627929688
25 0.6372130966186523 0.7666262817382813 0.637720832824707 0.28776527404785157 0.5661737442016601 0.286771297454834 0.5656660079956055 0.76563232421875
7 0.7192116546630859 0.7695387268066406 0.7200753784179688 0.27944135665893555 0.6485907745361328 0.27779048919677735 0.64772705078125 0.7678878784179688
7 0.80064453125 0.7655661010742187 0.8012759399414062 0.27878269195556643 0.7306002044677734 0.2775816535949707 0.7299688720703125 0.7643650817871094
1 0.8753491973876953 0.7665576171875 0.8760872650146484 0.28292543411254883 0.8205886840820312 0.2818157386779785 0.8198506927490234 0.7654479217529296
1 0.9552143859863281 0.7688681030273438 0.9559002685546875 0.2804877471923828 0.9018022918701172 0.2794923782348633 0.9011164093017578 0.7678726959228516
