22 0.21232582092285157 0.7777479553222656 0.21258338928222656 0.2594170570373535 0.12047175407409667 0.25885274887084964 0.12021418571472169 0.7771835327148438
17 0.2946474266052246 0.7802972412109375 0.29553430557250976 0.2690913772583008 0.21249679565429688 0.2673151779174805 0.2116098976135254 0.7785209655761719
0 0.3813063430786133 0.776501693725586 0.3817204284667969 0.28073575973510745 0.30099523544311524 0.27990447998046875 0.30058118820190427 0.7756704711914062
1 0.4602388000488281 0.7803237915039063 0.4612343215942383 0.2771823120117187 0.40147647857666013 0.27572446823120117 0.40048095703125 0.778865966796875
13 0.5589463806152344 0.764337158203125 0.5599274063110351 0.2579191017150879 0.4735968017578125 0.25585716247558593 0.47261581420898435 0.762275161743164
14 0.646446762084961 0.7563730621337891 0.6474687194824219 0.24693889617919923 0.5620812225341797 0.24482677459716798 0.5610592269897461 0.7542609405517579
9 0.7224678039550781 0.7470451354980469 0.723514404296875 0.2619527053833008 0.6494264221191406 0.25998172760009763 0.6483798217773438 0.745074234008789
3 0.8046098327636719 0.7221116638183593 0.8054887390136719 0.2537205123901367 0.7356072235107421 0.25210386276245117 0.7347283172607422 0.7204950714111328
2 0.8927537536621094 0.724840087890625 0.8936872863769532 0.250157470703125 0.81539306640625 0.24825889587402344 0.814459457397461 0.7229415130615234
3 0.9733438110351562 0.7126220703125 0.9743903350830078 0.24879316329956055 0.9025302124023438 0.24679409027099608 0.9014836883544922 0.7106229400634766
