22 0.19302242279052734 0.7188500213623047 0.19318130493164062 0.302093448638916 0.11892802238464356 0.3017989158630371 0.1187691593170166 0.7185555267333984
17 0.2763479042053223 0.7213585662841797 0.27688371658325195 0.30144569396972654 0.2027263832092285 0.30046104431152343 0.20219057083129882 0.7203739166259766
0 0.36124507904052733 0.7201004791259765 0.36150035858154295 0.30522369384765624 0.28850635528564456 0.3047563362121582 0.2882510757446289 0.7196331024169922
2 0.4432723236083984 0.74269775390625 0.4434220886230469 0.312622127532959 0.3704503631591797 0.3123576927185059 0.37030059814453126 0.7424333190917969
14 0.5322632598876953 0.7460573577880859 0.5322814559936524 0.3005723571777344 0.4532745742797852 0.30053890228271485 0.45325641632080077 0.7460238647460937
20 0.6152110290527344 0.7578144836425781 0.616185417175293 0.3141296195983887 0.5378178787231446 0.3123385620117187 0.5368434906005859 0.7560234069824219
1 0.6933265686035156 0.7687255096435547 0.69351318359375 0.3223625946044922 0.6353731155395508 0.32210956573486327 0.6351865005493164 0.7684725189208984
1 0.7764900970458984 0.7703444671630859 0.7764946746826172 0.32536338806152343 0.7183292388916016 0.3253571319580078 0.7183246612548828 0.7703382110595703
7 0.8657035064697266 0.7689615631103516 0.8663373565673829 0.3297127151489258 0.7917682647705078 0.3285930633544922 0.7911344146728516 0.7678418731689454
3 0.94808349609375 0.7724558258056641 0.9485391235351562 0.3439329147338867 0.8773521423339844 0.34314537048339844 0.8768965148925781 0.7716682434082032
