22 0.22971076965332032 0.7766808319091797 0.23005952835083007 0.3070856666564941 0.15073485374450685 0.30638673782348635 0.15038612365722656 0.7759819030761719
17 0.3132908248901367 0.7769305419921875 0.3139557456970215 0.31099542617797854 0.23690277099609375 0.3096907997131348 0.23623783111572266 0.7756259155273437
0 0.39749156951904296 0.7738702392578125 0.3978254318237305 0.31410043716430663 0.3223434829711914 0.3134501647949219 0.3220096206665039 0.7732199096679687
1 0.46314075469970706 0.7783414459228516 0.46380622863769533 0.31039106369018554 0.4116086959838867 0.309510326385498 0.41094322204589845 0.7774606323242188
13 0.5481607818603516 0.7750039672851563 0.5490809249877929 0.30845624923706055 0.4723488235473633 0.30666088104248046 0.47142871856689456 0.7732086181640625
29 0.6336111450195312 0.775081787109375 0.6343806838989258 0.3010208511352539 0.5581156539916993 0.299552001953125 0.5573461151123047 0.7736128234863281
5 0.7177560424804688 0.7775133514404297 0.7185252380371093 0.30173095703125 0.6391972351074219 0.3002094078063965 0.6384280395507812 0.7759918212890625
7 0.797182388305664 0.7774253082275391 0.7976110076904297 0.30233896255493165 0.7227742767333984 0.3015378761291504 0.7223456573486328 0.7766242218017578
9 0.8781890106201172 0.7791039276123047 0.8785596466064454 0.32000213623046875 0.8058966827392579 0.31930625915527344 0.8055260467529297 0.7784080505371094
6 0.961086654663086 0.7748889923095703 0.9612868499755859 0.32024322509765624 0.8884908294677735 0.31986289978027344 0.8882906341552734 0.7745087432861328
