22 0.11545438766479492 0.7119818115234375 0.19094955444335937 0.7119451904296875 0.19093069076538086 0.25375741958618164 0.11543551445007325 0.25379404067993167
17 0.2748882484436035 0.7164399719238281 0.27508949279785155 0.26519123077392576 0.1999955177307129 0.26479640960693357 0.1997942543029785 0.716045150756836
0 0.35775089263916016 0.7143138885498047 0.3581119155883789 0.273946647644043 0.28517961502075195 0.2732418251037598 0.2848185920715332 0.7136090087890625
4 0.4415594482421875 0.7347830200195312 0.4426511001586914 0.26471668243408203 0.36885116577148436 0.262696418762207 0.36775951385498046 0.7327627563476562
20 0.5253136825561523 0.7313991546630859 0.5260962677001954 0.265687427520752 0.45126052856445314 0.2642049217224121 0.4504779052734375 0.7299166107177735
13 0.6110099411010742 0.7312135314941406 0.6113963699340821 0.2698824119567871 0.5345771408081055 0.2691239356994629 0.5341907119750977 0.7304550170898437
1 0.6855902862548828 0.7354177093505859 0.6859121704101563 0.2754788780212402 0.6325859832763672 0.2750389862060547 0.6322640609741211 0.7349778747558594
9 0.7771685791015625 0.7314424133300781 0.7776376342773438 0.28622066497802734 0.7033062744140625 0.28529756546020507 0.7028372192382812 0.7305193328857422
2 0.7860587310791015 0.7407559204101563 0.8596121978759765 0.740526351928711 0.8594917297363281 0.28566566467285154 0.7859383392333984 0.28589513778686526
4 0.9432619476318359 0.7419110107421875 0.9443782806396485 0.277774486541748 0.868258056640625 0.2756166458129883 0.8671417999267578 0.7397531127929687
