22 0.19664657592773438 0.7558708190917969 0.1968446731567383 0.30012815475463867 0.12274198532104492 0.2997502899169922 0.12254387855529786 0.7554930114746093
17 0.28049219131469727 0.7580152893066406 0.2810761260986328 0.30103666305541993 0.20709823608398437 0.2999277114868164 0.20651430130004883 0.7569063568115234
0 0.3626573181152344 0.7513023376464844 0.36302490234375 0.30358917236328126 0.2957535934448242 0.3029412651062012 0.29538599014282224 0.7506543731689453
1 0.44299991607666017 0.7590840911865234 0.44351207733154296 0.2888414192199707 0.387892951965332 0.28813072204589846 0.38738079071044923 0.7583734130859375
13 0.5312823486328125 0.7568692016601563 0.5320699310302734 0.29298892974853513 0.46110260009765625 0.29157558441162107 0.4603150939941406 0.7554558563232422
25 0.6163124847412109 0.7567060852050781 0.6167170333862305 0.29216014862060546 0.5444963073730469 0.2914224052429199 0.5440917587280274 0.755968246459961
2 0.6994338989257812 0.7560260772705079 0.6996904754638672 0.29668399810791013 0.6284362030029297 0.2962173843383789 0.6281797409057617 0.7555594635009766
0 0.7829898071289062 0.744544677734375 0.783178939819336 0.29907094955444335 0.7154291534423828 0.29873344421386716 0.7152400970458984 0.7442072296142578
0 0.8663580322265625 0.7465357971191406 0.866400146484375 0.3083314895629883 0.7995112609863281 0.30825605392456057 0.7994691467285157 0.7464603424072266
8 0.9494788360595703 0.7464374542236328 0.9500347900390625 0.3108033561706543 0.88347412109375 0.30980667114257815 0.8829180145263672 0.7454408264160156
