22 0.22057043075561522 0.8855386352539063 0.22104572296142577 0.39142738342285155 0.1392245864868164 0.3902708435058594 0.1387492847442627 0.884382095336914
17 0.31014039993286135 0.8924629974365235 0.31115623474121096 0.39097110748291014 0.22818487167358398 0.3885015106201172 0.22716901779174806 0.8899934387207031
0 0.4009207534790039 0.9073493194580078 0.4016648101806641 0.3977654266357422 0.32053409576416014 0.39602462768554686 0.31979000091552734 0.9056085205078125
2 0.4888771057128906 0.882010726928711 0.4896647262573242 0.403316764831543 0.41162689208984377 0.40143001556396485 0.41083927154541017 0.8801240539550781
14 0.586212043762207 0.9155862426757813 0.5871593856811523 0.36757041931152346 0.5026329040527344 0.36542335510253904 0.5016856384277344 0.9134391784667969
14 0.6758309173583984 0.9177601623535157 0.6769941711425781 0.37149887084960936 0.5952816009521484 0.3689418411254883 0.5941183471679687 0.9152032470703125
3 0.7585588836669922 0.8726753234863281 0.7595672607421875 0.38973915100097656 0.6867015075683593 0.3875033569335937 0.6856930541992188 0.8704396057128906
4 0.8468092346191406 0.8510086059570312 0.8477972412109375 0.37543563842773436 0.7730892944335938 0.37315509796142576 0.7721012878417969 0.84872802734375
2 0.933016128540039 0.7800232696533204 0.9337655639648438 0.3856911468505859 0.8627204132080079 0.3837071228027344 0.8619710540771485 0.7780392456054688
3 0.9975480651855468 0.8266034698486329 0.9984928131103515 0.37366573333740233 0.9591940307617187 0.3724612808227539 0.958249282836914 0.8253990173339844
