22 0.07417497158050537 0.708729248046875 0.18795740127563476 0.706384048461914 0.1872097969055176 0.44959972381591795 0.07342735767364501 0.4519449615478516
17 0.19990489959716798 0.6850339508056641 0.2862234687805176 0.685005874633789 0.2862119674682617 0.43449424743652343 0.19989339828491212 0.4345222854614258
0 0.3315702819824219 0.6676121520996093 0.423592643737793 0.6663325500488281 0.42310157775878904 0.4163056945800781 0.3310791778564453 0.4175852203369141
2 0.4303137969970703 0.6561759185791015 0.5156693267822265 0.6557253265380859 0.5154756164550781 0.3960110092163086 0.43012012481689454 0.39646163940429685
15 0.6575936126708984 0.6243540573120118 0.6578135681152344 0.36858779907226563 0.5558782958984375 0.3679671859741211 0.5556583404541016 0.6237334060668945
19 0.6810828399658203 0.6164004135131836 0.6818576049804688 0.36689422607421873 0.6081235885620118 0.36527339935302733 0.6073487854003906 0.6147795867919922
6 0.7227838134765625 0.5835490798950196 0.8019082641601563 0.5832882690429687 0.8017900848388672 0.3295114898681641 0.7226655578613281 0.3297723770141602
3 0.8723526000976562 0.5667851638793945 0.8730944061279297 0.32039905548095704 0.8033506774902344 0.3189123344421387 0.802608871459961 0.5652984237670898
5 0.9520964813232422 0.5475703430175781 0.9526940155029296 0.2992137336730957 0.8771439361572265 0.29792707443237304 0.8765464782714844 0.5462836456298829
5 1.000106201171875 0.5301411819458007 1.0009894561767578 0.2845738220214844 0.9560087585449218 0.2834286117553711 0.9551256561279297 0.5289959335327148
