22 0.1372540760040283 0.7119906616210937 0.21189611434936523 0.7119806671142578 0.21189088821411134 0.24138126373291016 0.13724884033203125 0.24139122009277345
17 0.29665288925170896 0.7270335388183594 0.2970234489440918 0.24949970245361328 0.22104219436645509 0.24879268646240235 0.22067161560058593 0.7263265228271485
0 0.37939346313476563 0.7257308197021485 0.3797443389892578 0.26490814208984376 0.3082879447937012 0.26425575256347655 0.3079370498657227 0.7250784301757812
4 0.46063243865966796 0.7387783050537109 0.4619488525390625 0.25997859954833985 0.39318836212158204 0.2577118492126465 0.3918719482421875 0.7365116119384766
22 0.5498381423950195 0.7393315124511719 0.549853515625 0.2735505485534668 0.475445442199707 0.2735210609436035 0.47543006896972656 0.7393019866943359
23 0.6350971603393555 0.7555582427978516 0.6360007476806641 0.27685440063476563 0.5589508438110351 0.2751106643676758 0.558047218322754 0.7538145446777343
9 0.7154079437255859 0.7558704376220703 0.7156111907958984 0.2880426597595215 0.6478401184082031 0.28768964767456057 0.6476368713378906 0.7555174255371093
3 0.80074462890625 0.762850570678711 0.8008485412597657 0.28902473449707033 0.7287989044189453 0.2888352584838867 0.7286949920654296 0.7626611328125
1 0.8766276550292968 0.7701374053955078 0.8771134948730469 0.2895598030090332 0.8209926605224609 0.28887943267822264 0.8205066680908203 0.769457015991211
4 0.9608609771728516 0.778072509765625 0.96199951171875 0.2917145156860352 0.8911592864990234 0.28972587585449217 0.890020751953125 0.7760838317871094
