22 0.22440984725952148 0.8019872283935547 0.2249137306213379 0.2651441764831543 0.13801095962524415 0.2639383888244629 0.13750707626342773 0.8007814025878907
17 0.3086089134216309 0.7995893096923828 0.30977651596069333 0.2680833053588867 0.23074581146240233 0.26551687240600585 0.22957822799682617 0.7970228576660157
0 0.39998538970947267 0.8038674163818359 0.4003759002685547 0.2587590789794922 0.3198638343811035 0.257906436920166 0.3194733238220215 0.8030147552490234
1 0.4680041885375977 0.8036944580078125 0.46879791259765624 0.2460630989074707 0.42140789031982423 0.24506595611572266 0.4206141662597656 0.8026972961425781
13 0.5565449523925782 0.7978477478027344 0.5573592376708985 0.2625776481628418 0.4744034194946289 0.2607122039794922 0.4735891342163086 0.7959822845458985
29 0.6415451049804688 0.7863996887207031 0.6422270202636718 0.21694278717041016 0.5725614929199219 0.21570959091186523 0.5718796157836914 0.7851664733886718
3 0.7194133758544922 0.7713943481445312 0.7199915313720703 0.2316508674621582 0.6442015838623046 0.23045053482055664 0.6436234283447265 0.770194091796875
4 0.8046690368652344 0.777187728881836 0.8060025024414063 0.22791593551635742 0.7249747467041016 0.2250080680847168 0.7236412811279297 0.7742798614501953
8 0.8882057189941406 0.7706252288818359 0.8889457702636718 0.23608083724975587 0.8146672058105469 0.234560546875 0.8139270782470703 0.7691049194335937
2 0.9714590454101563 0.778392562866211 0.9722799682617187 0.23501056671142578 0.8941187286376953 0.23326501846313477 0.8932977294921876 0.7766469573974609
