22 0.1944758987426758 0.7294618225097657 0.19574150085449218 0.23781270980834962 0.11643342971801758 0.23543506622314453 0.11516783714294433 0.7270841979980469
17 0.2837518119812012 0.7509703826904297 0.2845538330078125 0.2540302276611328 0.19992233276367188 0.2524394416809082 0.19912031173706055 0.7493795776367187
0 0.3690733337402344 0.7359316253662109 0.36978824615478517 0.2782972526550293 0.28896881103515626 0.27682689666748045 0.2882539367675781 0.7344612884521484
2 0.4522385025024414 0.7552283477783203 0.4532288360595703 0.2686772346496582 0.37483642578125 0.2668188285827637 0.3738460922241211 0.7533699035644531
16 0.5394953918457032 0.7478845977783203 0.540687484741211 0.2675944900512695 0.46306793212890623 0.26535064697265626 0.4618758392333984 0.7456407928466797
25 0.6233990859985351 0.7596466827392578 0.624626235961914 0.2689710235595703 0.546928596496582 0.2667078971862793 0.5457014465332031 0.7573835754394531
3 0.7092626953125 0.7590220642089843 0.7100895690917969 0.27107683181762693 0.6299576187133789 0.26949548721313477 0.6291307830810546 0.7574407196044922
8 0.7955278015136719 0.7632395172119141 0.7963845825195313 0.2924372863769531 0.7166812133789062 0.29074806213378906 0.7158244323730468 0.7615502166748047
4 0.8796987915039063 0.7627653503417968 0.8816719055175781 0.2662641143798828 0.8029550170898437 0.2626208877563477 0.8009819030761719 0.7591221618652344
4 0.964183578491211 0.7557212829589843 0.9655460357666016 0.26865562438964846 0.8884423065185547 0.266143741607666 0.8870798492431641 0.7532093811035157
