22 0.19631032943725585 0.7322544860839844 0.19654924392700196 0.29529443740844724 0.12610685348510742 0.29485679626464845 0.12586794853210448 0.7318168640136719
17 0.27761402130126955 0.7352730560302735 0.2779402351379395 0.30144271850585935 0.20858896255493165 0.30085018157958987 0.20826274871826173 0.7346805572509766
0 0.3589539337158203 0.7234237670898438 0.35945858001708986 0.30137147903442385 0.2937507247924805 0.30047872543334964 0.2932461166381836 0.7225310516357422
2 0.43971717834472657 0.7429886627197265 0.44000591278076173 0.3096028518676758 0.37373794555664064 0.3091011619567871 0.37344917297363284 0.7424869537353516
13 0.5210117721557617 0.739820327758789 0.521781997680664 0.30781728744506837 0.45380218505859377 0.30644018173217774 0.45303199768066404 0.7384432220458984
16 0.5385186767578125 0.7436701965332031 0.6054341125488282 0.743532943725586 0.6053562164306641 0.3120079040527344 0.5384407806396484 0.3121451187133789
0 0.6859715270996094 0.7433412170410156 0.6865564727783203 0.3225596618652344 0.6195243453979492 0.3215006637573242 0.6189393997192383 0.7422821807861328
2 0.7669530487060547 0.7562193298339843 0.7672669982910156 0.3184760284423828 0.6998363494873047 0.31792646408081054 0.699522476196289 0.7556697845458984
4 0.8451929473876953 0.7401454162597656 0.8458245849609375 0.31679912567138674 0.7820594024658203 0.3157179641723633 0.7814276885986328 0.7390642547607422
4 0.9239411826593615 0.7522023684531643 0.9248743339044787 0.3211601550132231 0.8606723685724476 0.3195807559043364 0.859739141033385 0.7506230074912503
