22 0.1723550796508789 0.7947547149658203 0.17329069137573241 0.2904827308654785 0.0849495792388916 0.2883633041381836 0.08401396751403808 0.792635269165039
17 0.2452154541015625 0.7757984924316407 0.24601743698120118 0.27745834350585935 0.17122552871704103 0.27590194702148435 0.17042354583740235 0.7742420959472657
0 0.3502593994140625 0.7557919311523438 0.3506045150756836 0.26607427597045896 0.2731723403930664 0.2653686714172363 0.272827205657959 0.7550863647460937
1 0.4089744186401367 0.7399886322021484 0.40937191009521484 0.25976688385009766 0.3547603988647461 0.2591823387145996 0.35436290740966797 0.739404067993164
11 0.5037220764160156 0.7488564300537109 0.5039940643310546 0.2572342109680176 0.4299731063842773 0.2567046356201172 0.4297010803222656 0.7483268737792969
15 0.5738515090942383 0.7377471923828125 0.5745602798461914 0.2475479507446289 0.5079621124267578 0.2463028335571289 0.5072533416748047 0.7365020751953125
2 0.7064791870117187 0.7325418090820313 0.7072859954833984 0.26262205123901367 0.6319182586669921 0.2609486961364746 0.6311113739013672 0.7308683776855469
2 0.7814615631103515 0.734346694946289 0.7820882415771484 0.25431018829345703 0.7078018951416015 0.25305637359619143 0.7071753692626953 0.7330928802490234
0 0.8587551116943359 0.7330160522460938 0.8593464660644531 0.254521484375 0.7851194763183593 0.25333538055419924 0.7845281219482422 0.7318299102783203
6 0.9352132415771485 0.7217131042480469 0.9359504699707031 0.24400785446166992 0.8613140869140625 0.24251834869384767 0.8605768585205078 0.7202235412597656
