22 0.18671121597290039 0.8939596557617188 0.18804523468017578 0.35078216552734376 0.10056218147277832 0.34816871643066405 0.09922816276550293 0.891346206665039
17 0.27748849868774417 0.8754815673828125 0.2790887069702148 0.31852394104003906 0.19212568283081055 0.31548490524291994 0.19052549362182616 0.872442626953125
0 0.36511817932128904 0.8470014953613281 0.3662568664550781 0.33224143981933596 0.28498479843139646 0.3300547790527344 0.28384613037109374 0.8448148345947266
2 0.45474002838134764 0.841168441772461 0.45595176696777345 0.31695831298828125 0.37138946533203127 0.3145808219909668 0.37017776489257814 0.8387910461425782
16 0.5438978195190429 0.8120884704589844 0.545257568359375 0.2942648506164551 0.464483757019043 0.29168487548828126 0.4631239700317383 0.8095085144042968
17 0.6326580047607422 0.8019036865234375 0.6340019607543945 0.2768653678894043 0.5504055023193359 0.27426254272460937 0.5490614700317383 0.7993008422851563
3 0.715882568359375 0.7775743865966797 0.7169844055175781 0.26640981674194336 0.6381229019165039 0.2643423080444336 0.637021141052246 0.7755068969726563
0 0.8024559783935546 0.7544501495361328 0.8036843872070313 0.2601402473449707 0.7244825744628907 0.25774646759033204 0.723254165649414 0.7520564270019531
2 0.8882103729248046 0.7477003479003906 0.8890788269042968 0.24588886260986328 0.8076715087890625 0.2441750144958496 0.8068030548095703 0.7459864807128906
5 0.9765254974365234 0.7427423858642578 0.9779299163818359 0.22379787445068358 0.8947222900390625 0.22105886459350585 0.8933179473876953 0.7400033569335938
