22 0.19993431091308594 0.7493754577636719 0.20017581939697265 0.2892378616333008 0.12035874366760253 0.2887564277648926 0.12011721611022949 0.74889404296875
17 0.2867929077148437 0.7528849792480469 0.28712928771972657 0.29224008560180664 0.2078866958618164 0.29157516479492185 0.2075503158569336 0.7522200775146485
0 0.371113166809082 0.7452731323242188 0.3714360427856445 0.3049681854248047 0.2959146499633789 0.30433183670043945 0.2955917739868164 0.7446367645263672
5 0.46003231048583987 0.7506607055664063 0.4605319595336914 0.29278039932250977 0.3798942947387695 0.2917693328857422 0.37939464569091796 0.749649658203125
15 0.5437046432495117 0.7523204040527344 0.5444678497314454 0.29557329177856445 0.46550411224365235 0.29405704498291013 0.4647408676147461 0.7508042144775391
16 0.6278080368041992 0.7513356018066406 0.6288481521606445 0.30214420318603513 0.5531830215454101 0.3001308822631836 0.5521429061889649 0.749322280883789
9 0.7143402862548828 0.755883560180664 0.7145484161376953 0.30954736709594727 0.6386555862426758 0.30914079666137695 0.6384475708007813 0.7554769897460938
0 0.7983358764648437 0.7489385986328125 0.7986822509765625 0.3092057800292969 0.7246389770507813 0.3085354804992676 0.7242926025390625 0.7482682800292969
2 0.8821131134033203 0.7612078094482422 0.8822988128662109 0.3113106727600098 0.8072661590576172 0.31095468521118164 0.8070804595947265 0.7608518981933594
6 0.9666828155517578 0.7552174377441406 0.9672092437744141 0.31410261154174807 0.8929080963134766 0.31308359146118164 0.8923816680908203 0.7541983795166015
