22 0.21189111709594727 0.7458126831054688 0.21235445022583008 0.29834699630737305 0.13544962882995606 0.2974319839477539 0.13498632431030275 0.7448976135253906
17 0.29735469818115234 0.7495325469970703 0.2980128479003906 0.307879753112793 0.22186805725097655 0.30657583236694336 0.22120990753173828 0.7482286071777344
0 0.37971492767333986 0.7415909576416015 0.3799093246459961 0.3108102416992187 0.307801342010498 0.3104363441467285 0.30760692596435546 0.741217041015625
2 0.4602804946899414 0.7428748321533203 0.46108531951904297 0.32287910461425784 0.38937137603759764 0.321300048828125 0.3885665512084961 0.7412957763671875
15 0.549729118347168 0.7552964019775391 0.5505656433105469 0.3024773597717285 0.4711376953125 0.3007912063598633 0.4703011322021484 0.7536102294921875
19 0.631950454711914 0.7556159210205078 0.6331193542480469 0.30560663223266604 0.5558568954467773 0.30330055236816406 0.5546879577636719 0.7533097839355469
0 0.7125324249267578 0.7542783355712891 0.7127503204345703 0.3195399284362793 0.6415804290771484 0.3191300582885742 0.6413625335693359 0.753868408203125
7 0.7946675872802734 0.7593037414550782 0.7949016571044922 0.3074750328063965 0.7219243621826172 0.30704063415527344 0.7216902923583984 0.7588693237304688
6 0.8741600799560547 0.7556516265869141 0.8742812347412109 0.3229658126831055 0.8045946502685547 0.3227414321899414 0.8044734954833984 0.75542724609375
2 0.9530810546875 0.7637055206298828 0.9538568115234375 0.32520648956298825 0.8832437133789063 0.3237709808349609 0.8824679565429687 0.7622701263427735
