22 0.21511516571044922 0.7811295318603516 0.21527303695678712 0.2877622032165527 0.13426990509033204 0.2874070358276367 0.13411203384399414 0.7807743835449219
17 0.2980386352539062 0.7844985961914063 0.2987082862854004 0.286245174407959 0.21970321655273437 0.2847903633117676 0.2190335464477539 0.7830438232421875
0 0.3815065002441406 0.7809705352783203 0.3816555023193359 0.29222076416015624 0.30487617492675784 0.2919000053405762 0.3047271728515625 0.7806497192382813
1 0.4452987289428711 0.7832987976074218 0.4456090545654297 0.2872713279724121 0.39170352935791014 0.28680923461914065 0.3913931655883789 0.7828366851806641
13 0.5291965484619141 0.7825386810302735 0.5301562118530273 0.28094614028930665 0.4519984436035156 0.2788974571228027 0.4510388565063477 0.7804899597167969
33 0.6122205352783203 0.7856089019775391 0.612943458557129 0.284276123046875 0.5361924743652344 0.28275970458984373 0.5354695129394531 0.7840924835205079
8 0.6909346771240235 0.7742737579345703 0.6914947509765625 0.2988589096069336 0.6188872909545898 0.29768680572509765 0.6183272171020507 0.7731016540527343
0 0.7737308502197265 0.7763569641113282 0.7739646911621094 0.29927629470825196 0.7001970672607422 0.29878061294555663 0.6999631500244141 0.7758612823486328
9 0.8532392120361328 0.7800658416748046 0.8535564422607422 0.30068111419677734 0.7807367706298828 0.30002079010009763 0.7804195404052734 0.779405517578125
0 0.9330094146728516 0.7783818817138672 0.9337979125976562 0.30039539337158205 0.8603160858154297 0.29873456954956057 0.859527587890625 0.7767210388183594
