22 0.21308313369750975 0.7354022979736328 0.21389368057250976 0.332166748046875 0.1364341926574707 0.3306926345825195 0.13562364578247071 0.7339281463623046
17 0.29711034774780276 0.7287330627441406 0.2973093605041504 0.333446159362793 0.21973344802856445 0.3330764007568359 0.2195344352722168 0.7283633422851562
0 0.37871437072753905 0.7284705352783203 0.3789533233642578 0.34269237518310547 0.30512002944946287 0.34225940704345703 0.3048810386657715 0.7280374908447266
3 0.45837032318115234 0.738995590209961 0.4593777084350586 0.34139442443847656 0.3886052322387695 0.3396968078613281 0.38759784698486327 0.7372979736328125
14 0.5473682403564453 0.7453688049316406 0.5478380203247071 0.3320742034912109 0.4673348617553711 0.3312078857421875 0.4668650436401367 0.7445024871826171
28 0.6262587356567383 0.7398593139648437 0.627020492553711 0.35084526062011717 0.5528374862670898 0.34947010040283205 0.5520757293701172 0.7384841156005859
2 0.7065792083740234 0.7456851959228515 0.7068526458740234 0.35083545684814454 0.632487907409668 0.350347900390625 0.63221435546875 0.7451976013183593
6 0.7887665557861329 0.7378731536865234 0.7889391326904297 0.35057289123535157 0.7167618560791016 0.3502682876586914 0.7165892791748046 0.7375685882568359
4 0.7960577392578125 0.7571567535400391 0.8719136047363282 0.7566201782226563 0.8716058349609375 0.34480979919433596 0.7957499694824218 0.3453465270996094
5 0.9560784912109375 0.7471360778808593 0.9568922424316406 0.346478157043457 0.8780430603027344 0.34496192932128905 0.8772293090820312 0.7456198120117188
