22 0.21258373260498048 0.7617584991455079 0.2137085723876953 0.2636872291564941 0.1316853141784668 0.26150974273681643 0.1305604839324951 0.759581069946289
17 0.29661270141601564 0.7498088836669922 0.29688852310180663 0.2635074234008789 0.2178075408935547 0.2629800796508789 0.21753170013427733 0.7492816162109375
0 0.3795759201049805 0.7408018493652344 0.37984188079833986 0.26781749725341797 0.3019120407104492 0.267302417755127 0.3016461181640625 0.7402867126464844
1 0.4445663833618164 0.7454350280761719 0.44499805450439456 0.26301483154296873 0.39028884887695314 0.26243934631347654 0.38985713958740237 0.7448595428466797
13 0.5284001922607422 0.7432276916503906 0.529386100769043 0.25453666687011717 0.45193939208984374 0.25269996643066406 0.45095348358154297 0.7413909149169922
25 0.6083365249633789 0.7404348754882812 0.6090287399291993 0.2585169982910156 0.5348979949951171 0.2572651481628418 0.5342056655883789 0.7391830444335937
5 0.6992867279052735 0.7338010406494141 0.6997801971435547 0.24427688598632813 0.6158058166503906 0.24328187942504884 0.6153123474121094 0.7328060913085938
1 0.7646086120605469 0.7278806304931641 0.7651244354248047 0.24845016479492188 0.7090277099609374 0.24774070739746093 0.7085118865966797 0.7271712493896484
6 0.8528897857666016 0.7233956146240235 0.8531353759765625 0.25501615524291993 0.7747395324707032 0.2545328712463379 0.7744939422607422 0.7229122924804687
4 0.940880355834961 0.7361903381347656 0.94103271484375 0.2538411903381348 0.8584082794189453 0.25353437423706054 0.8582559204101563 0.735883560180664
