22 0.13732349395751953 0.7185958862304688 0.2133620262145996 0.7185147094726563 0.21332103729248048 0.24413125991821288 0.1372825050354004 0.24421243667602538
17 0.2973850440979004 0.7263961791992187 0.2978215217590332 0.2534352493286133 0.222050724029541 0.2525709915161133 0.22161422729492186 0.7255319213867187
0 0.37881248474121093 0.732960205078125 0.3792042541503906 0.2734078407287598 0.30819915771484374 0.2726596832275391 0.30780738830566406 0.7322120666503906
4 0.4600415802001953 0.7490868377685547 0.46128044128417967 0.2750686454772949 0.39011104583740236 0.2727696990966797 0.3888721466064453 0.7467878723144531
15 0.5517389678955078 0.7561618041992187 0.5530708312988282 0.27702152252197265 0.4731294631958008 0.2742750549316406 0.4717975997924805 0.7534153747558594
10 0.6248071670532227 0.7715872192382812 0.6258195495605469 0.2954973030090332 0.5570710372924804 0.29369056701660157 0.556058692932129 0.7697805023193359
9 0.7123301696777343 0.7813866424560547 0.7127645111083984 0.3184569549560547 0.6445632934570312 0.31766611099243164 0.6441289520263672 0.7805958557128906
7 0.8001139068603516 0.792207260131836 0.8003121185302734 0.31387115478515626 0.7254550170898437 0.3134878921508789 0.7252569580078125 0.7918239593505859
9 0.8784290313720703 0.8057002258300782 0.8791120910644531 0.3407340621948242 0.8100750732421875 0.33948047637939455 0.8093920135498047 0.8044466400146484
7 0.9635542297363281 0.8169660949707032 0.963727035522461 0.34115837097167967 0.8903721618652344 0.3408291244506836 0.8901993560791016 0.8166368103027344
