22 0.1937501335144043 0.7401918792724609 0.1948251533508301 0.23152217864990235 0.11667483329772949 0.22959861755371094 0.11559979438781738 0.7382682800292969
17 0.2832579231262207 0.7565090942382813 0.2842400360107422 0.24813030242919923 0.20306644439697266 0.2463039779663086 0.20208433151245117 0.7546828460693359
0 0.36661903381347655 0.7448230743408203 0.36752784729003907 0.27080774307250977 0.28988895416259763 0.2690741729736328 0.28898015975952146 0.7430894470214844
2 0.45237361907958984 0.7577021789550781 0.4532747650146484 0.2664466857910156 0.37484073638916016 0.26477109909057617 0.3739396286010742 0.756026611328125
16 0.5402839279174805 0.7464768981933594 0.5414472198486329 0.26971811294555664 0.46330703735351564 0.26749759674072265 0.4621437072753906 0.744256362915039
25 0.6243127059936523 0.7544605255126953 0.6254119110107422 0.2730788040161133 0.5476416778564454 0.27101076126098633 0.5465425872802734 0.7523925018310547
3 0.7100935363769532 0.7619624328613281 0.7110465240478515 0.27642778396606443 0.6304786682128907 0.2745861625671387 0.6295256805419922 0.7601207733154297
8 0.7962436676025391 0.762330322265625 0.7971220397949219 0.2889823341369629 0.717803955078125 0.28726825714111326 0.7169256591796875 0.7606162261962891
4 0.8818247985839843 0.7630619049072266 0.8829110717773437 0.2686990547180176 0.8040032196044922 0.2666796684265137 0.8029170227050781 0.7610425567626953
4 0.9667353820800781 0.7667339324951172 0.9677065277099609 0.26739110946655276 0.8875929260253906 0.26557641983032226 0.8866217041015625 0.7649192047119141
