22 0.21137052536010742 0.7867034912109375 0.21237712860107422 0.2956539154052734 0.13157760620117187 0.2933368301391602 0.13057100296020507 0.7843864440917969
17 0.29657772064208987 0.7824089813232422 0.2967980194091797 0.3014421081542969 0.21872787475585936 0.3009418296813965 0.21850757598876952 0.7819087219238281
0 0.3791234588623047 0.7869020080566407 0.3794504165649414 0.30508522033691404 0.3043602752685547 0.3043724250793457 0.30403331756591795 0.7861891937255859
4 0.46143497467041017 0.8011983489990234 0.46268524169921876 0.30335203170776365 0.3862923812866211 0.3006681823730469 0.3850421142578125 0.7985145568847656
15 0.5489268493652344 0.7897454833984375 0.5500096511840821 0.2957292556762695 0.47031429290771487 0.29328557968139646 0.46923145294189456 0.7873017120361329
27 0.6252543258666993 0.7904800415039063 0.6258856582641602 0.30560171127319335 0.5513800430297852 0.3042445755004883 0.5507487106323242 0.7891229248046875
9 0.7111800384521484 0.7837784576416016 0.7121607971191406 0.3100083541870117 0.6324577331542969 0.3077002143859863 0.63147705078125 0.7814703369140625
3 0.7843869018554688 0.7795973205566407 0.7854499053955079 0.2967086982727051 0.7146083831787109 0.2945271110534668 0.7135453033447265 0.7774156951904296
3 0.8610441589355469 0.7679984283447265 0.8615000915527343 0.2965336990356445 0.793018569946289 0.2956071853637695 0.7925626373291016 0.7670718383789062
9 0.9402938842773437 0.7643724822998047 0.9409114074707031 0.29224246978759766 0.8696302795410156 0.29093833923339846 0.8690128326416016 0.7630683898925781
