22 0.16437793731689454 0.7347342681884765 0.16461315155029296 0.41820552825927737 0.07767244338989258 0.4174631500244141 0.0774372386932373 0.7339918518066406
17 0.24227033615112303 0.73103515625 0.2428032112121582 0.4292201232910156 0.1725975227355957 0.4277957534790039 0.17206464767456053 0.729610824584961
0 0.33907058715820315 0.7346366119384765 0.33969070434570314 0.421003532409668 0.2830204391479492 0.4197159576416016 0.2824003028869629 0.7333489990234375
4 0.40550617218017576 0.7257421875 0.40621334075927734 0.42335723876953124 0.34654788970947265 0.42175392150878904 0.3458407211303711 0.7241388702392578
16 0.5246100616455078 0.7508224487304688 0.5251523971557617 0.4280007553100586 0.451982421875 0.4265884017944336 0.4514401245117188 0.7494100952148437
22 0.6209167098999023 0.7529145812988282 0.6210191726684571 0.44098384857177736 0.5342111587524414 0.4406563186645508 0.5341086959838868 0.7525870513916015
1 0.7324369049072266 0.7653945922851563 0.733050308227539 0.4405436325073242 0.687132339477539 0.4395473861694336 0.6865189361572266 0.7643983459472656
5 0.8075818634033203 0.7702656555175781 0.8080318450927735 0.4440211486816406 0.7467403411865234 0.44304962158203126 0.7462903594970703 0.7692940521240235
5 0.8728168487548829 0.7730935668945312 0.8733319854736328 0.44588077545166016 0.8145349884033203 0.4448170471191406 0.8140198516845704 0.7720298767089844
7 0.9367616271972656 0.7741239929199218 0.9373728942871093 0.44656681060791015 0.8799031066894532 0.44533462524414064 0.8792918395996093 0.772891845703125
