22 0.1968052864074707 0.7947538757324218 0.19690378189086913 0.31733768463134765 0.11674898147583007 0.31713411331176755 0.11665048599243164 0.7945502471923828
17 0.283054313659668 0.7955277252197266 0.28406467437744143 0.3265486526489258 0.20489171981811524 0.32444869995117187 0.2038813591003418 0.793427734375
0 0.3686777496337891 0.795286865234375 0.36905067443847656 0.3356694793701172 0.29307846069335936 0.33491058349609376 0.2927055358886719 0.7945279693603515
4 0.4546610641479492 0.8102974700927734 0.45545040130615233 0.33261741638183595 0.37853321075439456 0.3310525894165039 0.3777438735961914 0.8087326812744141
20 0.5411031341552734 0.8137796783447265 0.5415341186523438 0.3329458999633789 0.4630437469482422 0.33207977294921875 0.4626127624511719 0.8129135131835937
21 0.6272158813476563 0.8237683868408203 0.62816650390625 0.34096126556396483 0.5509434509277343 0.3390892791748047 0.549992790222168 0.8218962860107422
4 0.7140156555175782 0.8250439453125 0.7152351379394531 0.3342373275756836 0.6370883178710938 0.331846809387207 0.6358687973022461 0.8226534271240235
6 0.8008631896972657 0.8158439636230469 0.80099365234375 0.35217613220214844 0.7263328552246093 0.3519176483154297 0.726202392578125 0.8155855560302734
0 0.8871746826171875 0.8203413391113281 0.8875068664550781 0.36046432495117187 0.8119244384765625 0.3597921371459961 0.8115922546386719 0.8196691131591797
7 0.9707618713378906 0.8298848724365234 0.9711903381347656 0.35359184265136717 0.8957786560058594 0.3527565002441406 0.8953501892089843 0.8290496063232422
