22 0.23331426620483398 0.7614771270751953 0.2338796615600586 0.2920541191101074 0.14675639152526856 0.2906741714477539 0.1461910152435303 0.7600972747802734
17 0.3183831024169922 0.749232177734375 0.31903886795043945 0.2788762092590332 0.2369985008239746 0.2773720359802246 0.23634273529052735 0.7477279663085937
0 0.4041992950439453 0.7437448883056641 0.4045333099365234 0.27067253112792966 0.3232132339477539 0.26991737365722657 0.3228791427612305 0.7429898071289063
1 0.47398006439208984 0.749769058227539 0.47488300323486327 0.27071189880371094 0.4224297714233398 0.2694117164611816 0.4215268325805664 0.7484689331054688
15 0.5584904479980469 0.7455521392822265 0.5591646957397461 0.24841304779052734 0.47588817596435545 0.24692766189575197 0.47521392822265623 0.7440666198730469
11 0.6388037109375 0.7316216278076172 0.639566535949707 0.26150184631347656 0.5612966918945312 0.259831600189209 0.5605338668823242 0.729951400756836
6 0.7223090362548829 0.7223100280761718 0.7226400756835938 0.2526788139343262 0.647223129272461 0.25197965621948243 0.64689208984375 0.7216109466552735
0 0.8049623107910157 0.7093916320800782 0.8054610443115234 0.24700349807739258 0.7282237243652344 0.24590770721435548 0.7277249908447265 0.7082958984375
1 0.8736468505859375 0.7133118438720704 0.8744856262207031 0.2385335922241211 0.8168697357177734 0.2371950340270996 0.8160309600830078 0.7119732666015625
6 0.9565857696533203 0.7050785064697266 0.957530746459961 0.2376156997680664 0.8806911468505859 0.23557296752929688 0.8797461700439453 0.7030357360839844
