22 0.21362220764160156 0.7628182983398437 0.2145746612548828 0.2582546806335449 0.1386228942871094 0.25653575897216796 0.13767043113708496 0.7610993957519532
17 0.2994870758056641 0.7614493560791016 0.3005558586120605 0.2612351989746094 0.2219227981567383 0.25922096252441407 0.2208540153503418 0.7594350433349609
0 0.3832440185546875 0.7501773834228516 0.3839250946044922 0.280677490234375 0.3067454719543457 0.2793351936340332 0.30606439590454104 0.7488350677490234
2 0.4653943634033203 0.7505736541748047 0.4661561965942383 0.28187036514282227 0.3913866424560547 0.28041332244873046 0.3906248092651367 0.7491165924072266
15 0.546551170349121 0.7558673858642578 0.5477930450439453 0.27009111404418945 0.4727120208740234 0.2677901077270508 0.4714702224731445 0.7535663604736328
27 0.6305775070190429 0.7516032409667969 0.6314512634277344 0.2768307304382324 0.5551716613769532 0.275147590637207 0.554297866821289 0.7499201202392578
8 0.7130390930175782 0.7459981536865234 0.7138529205322266 0.28284400939941406 0.6404023742675782 0.2812967872619629 0.6395885467529296 0.7444509124755859
6 0.7909146118164062 0.7422409057617188 0.7915937042236328 0.27868196487426755 0.7227827453613281 0.27747339248657227 0.7221036529541016 0.7410323333740234
3 0.8727957916259765 0.7509165954589844 0.8735272979736328 0.28197803497314455 0.8006417083740235 0.2806151580810547 0.7999102783203125 0.7495536804199219
7 0.9555388641357422 0.7537862396240235 0.956534652709961 0.2775328826904297 0.8824185943603515 0.2756751251220703 0.8814228820800781 0.7519284820556641
