22 0.22231657028198243 0.8027189636230468 0.22379438400268556 0.3430946731567383 0.1433259963989258 0.34071002960205077 0.1418481922149658 0.8003343200683594
17 0.31401309967041013 0.7888656616210937 0.31525463104248047 0.3328647994995117 0.23282892227172852 0.33079635620117187 0.2315873908996582 0.7867972564697265
0 0.4003868103027344 0.771624755859375 0.401640739440918 0.33841766357421876 0.3225410461425781 0.336307373046875 0.32128707885742186 0.7695144653320313
2 0.4883226776123047 0.7493445587158203 0.48968868255615233 0.3144216537475586 0.4070685577392578 0.3120299530029297 0.4057025527954102 0.7469528198242188
15 0.5744598007202149 0.7511270904541015 0.5758219909667969 0.2888243865966797 0.49842540740966795 0.28672250747680667 0.49706329345703126 0.7490251922607422
30 0.658171157836914 0.7205361175537109 0.6595171356201172 0.27309980392456057 0.5812504959106445 0.27092977523803713 0.5799044799804688 0.7183660888671874
6 0.7362213897705078 0.6994703674316406 0.7382614898681641 0.2553283882141113 0.6661946105957032 0.25227716445922854 0.6641544342041016 0.6964191436767578
0 0.8188755798339844 0.6821427917480469 0.8204025268554688 0.2740978813171387 0.7424034881591797 0.2714076995849609 0.7408765411376953 0.6794525909423829
8 0.8976293182373047 0.66799560546875 0.8990587615966796 0.25213190078735354 0.8240309143066407 0.2497548294067383 0.8226014709472657 0.6656185150146484
3 0.9757121276855468 0.654751205444336 0.9772088623046875 0.2229171371459961 0.9017599487304687 0.22050678253173828 0.9002632141113281 0.6523408508300781
