22 0.2218212890625 0.8203504943847656 0.22276826858520507 0.3129627418518066 0.1398973274230957 0.3107809066772461 0.13895031929016113 0.8181686401367188
17 0.3051621055603027 0.8235713195800781 0.3061351203918457 0.33228828430175783 0.22860044479370117 0.330122184753418 0.2276274299621582 0.8214051055908204
0 0.39244426727294923 0.8176565551757813 0.3928993225097656 0.32238521575927737 0.31730525970458984 0.3214054489135742 0.3168502426147461 0.8166767120361328
1 0.457440071105957 0.8191216278076172 0.458062629699707 0.32651351928710937 0.40844905853271485 0.32562904357910155 0.40782649993896486 0.8182371520996093
13 0.5440370559692382 0.8204254913330078 0.544973030090332 0.32871112823486326 0.4713999176025391 0.32673583984375 0.47046398162841796 0.8184502410888672
29 0.631650505065918 0.8116109466552734 0.632648048400879 0.30846759796142575 0.5577164459228515 0.3063719940185547 0.5567189025878906 0.8095153045654296
7 0.7095616149902344 0.7962664794921875 0.7104583740234375 0.3017981719970703 0.6383887100219726 0.2999545860290527 0.6374919891357422 0.7944229125976563
6 0.7853237152099609 0.8028318786621094 0.7861542510986328 0.2977945518493652 0.718931655883789 0.29623519897460937 0.7181011962890625 0.8012725830078125
6 0.8687712860107422 0.7855253601074219 0.8694440460205078 0.2810714912414551 0.8002201080322265 0.27976924896240235 0.7995474243164062 0.7842231750488281
2 0.9497031402587891 0.7849813079833985 0.9503742218017578 0.29845973968505857 0.8814641571044922 0.29711902618408204 0.8807931518554688 0.7836406707763672
