22 0.2064305305480957 0.7510051727294922 0.20716089248657227 0.30894773483276367 0.13289589881896974 0.30749202728271485 0.13216553688049315 0.7495494842529297
17 0.2877169609069824 0.7478191375732421 0.287872314453125 0.31203126907348633 0.21454784393310547 0.3117211151123047 0.2143924903869629 0.7475089263916016
0 0.3687821197509766 0.747650146484375 0.3689272689819336 0.3191337585449219 0.2974988555908203 0.3188467025756836 0.2973537063598633 0.7473631286621094
1 0.44089862823486325 0.7610428619384766 0.4415620422363281 0.31493831634521485 0.3901728820800781 0.3140315628051758 0.389509391784668 0.7601361846923829
13 0.5316557312011718 0.761795654296875 0.5323941802978516 0.31346824645996096 0.45645980834960936 0.3119842147827148 0.4557212829589844 0.7603115844726562
33 0.6138243865966797 0.767663345336914 0.6145267486572266 0.3179546546936035 0.540898551940918 0.3165903663635254 0.5401961135864258 0.766299057006836
9 0.6926490020751953 0.7647515869140625 0.6928707122802734 0.33351352691650393 0.6229074478149415 0.3330867004394531 0.6226857376098632 0.7643247985839844
9 0.7717444610595703 0.7691560363769532 0.7722034454345703 0.3410007476806641 0.7027894592285157 0.3401178741455078 0.7023304748535156 0.7682730865478515
3 0.8533479309082032 0.7728115844726563 0.8535350799560547 0.3411565399169922 0.7831072235107421 0.3407941436767578 0.7829200744628906 0.7724491882324219
3 0.9341515350341797 0.779935531616211 0.9344102478027344 0.34834392547607423 0.8647039031982422 0.3478484344482422 0.8644451904296875 0.7794400787353516
