22 0.19508689880371094 0.7368653869628906 0.19536708831787108 0.25038703918457034 0.1195529556274414 0.24986265182495118 0.11927277565002442 0.7363410186767578
17 0.28222557067871096 0.746965560913086 0.2827202606201172 0.25975162506103516 0.20704360961914062 0.25882879257202146 0.20654891967773437 0.7460427856445313
0 0.3650111770629883 0.7482459259033203 0.36524349212646484 0.2752193832397461 0.2963083076477051 0.2748128509521484 0.29607603073120115 0.7478394317626953
3 0.4531087875366211 0.7600099182128907 0.4532996368408203 0.28116634368896487 0.38136341094970705 0.2808220291137695 0.38117256164550783 0.7596656799316406
13 0.5374510955810546 0.7575785064697266 0.5377627182006836 0.2781361961364746 0.46664398193359374 0.2775810050964356 0.46633235931396483 0.7570232391357422
30 0.6281283950805664 0.7651031494140625 0.6288622665405273 0.28881370544433593 0.5541696548461914 0.2874316215515137 0.5534358215332031 0.7637210845947265
6 0.709891586303711 0.7708883666992188 0.710324935913086 0.301917724609375 0.6418962097167968 0.30115848541259765 0.6414628601074219 0.7701290893554688
3 0.7971453094482421 0.7839598083496093 0.7976395416259766 0.3042136192321777 0.7253958892822265 0.3033198165893555 0.7249017333984376 0.7830659484863282
1 0.8752471160888672 0.7843108367919922 0.8757810974121094 0.30259218215942385 0.8186107635498047 0.30183115005493166 0.8180767059326172 0.7835498046875
6 0.9619309997558594 0.7831460571289063 0.9624087524414062 0.3058274459838867 0.89299072265625 0.3049929428100586 0.8925128936767578 0.7823116302490234
