22 0.18771957397460937 0.7749337768554687 0.1887630844116211 0.26601156234741213 0.10614426612854004 0.2639495086669922 0.10510076522827148 0.7728717041015625
17 0.27092098236083983 0.7711585235595703 0.27118280410766604 0.27997383117675784 0.19304998397827147 0.27946689605712893 0.19278818130493164 0.7706515502929687
0 0.3550643157958984 0.77126220703125 0.3554843521118164 0.2792477607727051 0.2800506591796875 0.2784638023376465 0.27963062286376955 0.7704782104492187
1 0.43452594757080076 0.7799832916259766 0.43506465911865233 0.28315067291259766 0.3789177703857422 0.282409610748291 0.37837905883789064 0.7792422485351562
31 0.5252883529663086 0.7779005432128906 0.5265525436401367 0.2871597480773926 0.45333885192871093 0.2848637962341309 0.45207462310791013 0.7756046295166016
10 0.608631591796875 0.7737737274169922 0.6095524597167968 0.286600227355957 0.5379207229614258 0.2849521064758301 0.5369998168945312 0.7721256256103516
9 0.6960919189453125 0.7775296783447265 0.6970578765869141 0.2859987258911133 0.6218177032470703 0.2841988754272461 0.6208517456054687 0.775729751586914
3 0.781424789428711 0.7748477172851562 0.782492904663086 0.295836009979248 0.709272232055664 0.293848819732666 0.7082041931152344 0.7728605651855469
0 0.8663702392578125 0.7744866180419921 0.8672122955322266 0.29086732864379883 0.7947789001464843 0.28933235168457033 0.7939369201660156 0.7729518127441406
9 0.9507938385009765 0.781501235961914 0.9516914367675782 0.3029854202270508 0.8786941528320312 0.3013186454772949 0.8777965545654297 0.7798345184326172
