22 0.22051340103149414 0.8641841125488281 0.2210481071472168 0.32075942993164064 0.14620009422302246 0.3197025299072266 0.14566537857055664 0.863127212524414
17 0.3021090316772461 0.8504941558837891 0.3033855247497559 0.30977176666259765 0.23371143341064454 0.30741146087646487 0.23243494033813478 0.8481337738037109
0 0.38547779083251954 0.8111847686767578 0.3862506866455078 0.3019688415527344 0.3196136093139648 0.3005174446105957 0.3188406753540039 0.8097334289550782
1 0.4633536148071289 0.7878473663330078 0.4642633438110352 0.2681715774536133 0.4210206985473633 0.2670853042602539 0.42011093139648437 0.7867610168457031
13 0.5538040924072266 0.7504158020019531 0.5547005081176758 0.24557958602905272 0.4875445556640625 0.24386852264404296 0.4866481781005859 0.7487047576904297
29 0.6445567321777343 0.7193512725830078 0.645328140258789 0.2205211639404297 0.5749906158447265 0.2189604377746582 0.5742192840576172 0.71779052734375
6 0.720329360961914 0.7516085815429687 0.7206925201416016 0.21738382339477538 0.6516316986083984 0.21671005249023437 0.651268539428711 0.750934829711914
9 0.8040238952636719 0.751463623046875 0.8043974304199218 0.21814321517944335 0.7367597198486329 0.21746328353881836 0.7363861846923828 0.75078369140625
0 0.890008544921875 0.7181654357910157 0.890286636352539 0.21023635864257811 0.8212014007568359 0.20969350814819335 0.8209232330322266 0.7176225280761719
3 0.9726811218261718 0.7290975189208985 0.9734777069091797 0.21380317687988282 0.9077569580078125 0.21234525680541994 0.9069602966308594 0.7276396179199218
