22 0.14884889602661133 0.7539684295654296 0.14903675079345702 0.3374605560302734 0.06964457988739013 0.33692245483398436 0.06945672512054443 0.7534303283691406
17 0.14901935577392578 0.7507854461669922 0.22706527709960939 0.7507389068603516 0.22704874038696288 0.3335481262207031 0.14900280952453612 0.33359466552734374
0 0.3449961090087891 0.7610838317871094 0.3451893997192383 0.33291019439697267 0.2779243087768555 0.33245391845703126 0.2777309989929199 0.7606275177001953
2 0.41908985137939453 0.7653485870361328 0.41940555572509763 0.3407383728027344 0.3474718475341797 0.3399345397949219 0.34715618133544923 0.7645447540283203
13 0.54864990234375 0.77505615234375 0.549415054321289 0.34007007598876954 0.4757144165039062 0.3381219482421875 0.4749493408203125 0.7731079864501953
28 0.6219003677368165 0.7699285125732422 0.6225236511230469 0.35172195434570314 0.5528310012817382 0.3501609802246094 0.5522077178955078 0.7683675384521484
1 0.7370925903320312 0.7712183380126953 0.7375 0.3446005630493164 0.6735716247558594 0.3436829376220703 0.6731642150878906 0.7703007507324219
4 0.7437006378173828 0.7691134643554688 0.8089720916748047 0.7686776733398437 0.8087848663330078 0.34718311309814454 0.7435134124755859 0.34761886596679686
4 0.8125415802001953 0.7627875518798828 0.8755386352539063 0.7626791381835938 0.8754911041259765 0.3473957443237305 0.8124940490722656 0.34750411987304686
1 0.9419633483886719 0.7715840148925781 0.9425656890869141 0.34976001739501955 0.8815489959716797 0.3484502792358398 0.8809465026855469 0.7702742767333984
