22 0.2063009262084961 0.662615737915039 0.20640987396240235 0.12777997970581054 0.1338701057434082 0.12752344131469726 0.13376118659973144 0.6623591613769532
17 0.28851539611816407 0.679691162109375 0.28875619888305665 0.14521021842956544 0.2169060516357422 0.14464826583862306 0.21666526794433594 0.6791293334960937
0 0.3703512191772461 0.6736793518066406 0.37052066802978517 0.14561091423034667 0.3020731735229492 0.1452295970916748 0.30190372467041016 0.6732980346679688
1 0.44640560150146485 0.6915288543701172 0.44676570892333983 0.14002728462219238 0.3946896743774414 0.13943696022033691 0.3943295669555664 0.6909385681152344
15 0.538151969909668 0.7001789093017579 0.5382478332519531 0.14683180809020996 0.4637668228149414 0.1466079330444336 0.46367099761962893 0.6999550628662109
11 0.6186448287963867 0.7087626647949219 0.6191262435913086 0.17166748046875 0.546856346130371 0.17054285049438478 0.5463749313354492 0.7076380157470703
0 0.70058837890625 0.70033447265625 0.7007658386230469 0.17973691940307618 0.6332062911987305 0.17933700561523438 0.6330288696289063 0.6999345397949219
7 0.7835708618164062 0.7068624877929688 0.7843563842773438 0.16640544891357423 0.7138349914550781 0.16462589263916017 0.7130494689941407 0.7050829315185547
3 0.8644839477539062 0.7103389739990235 0.8655140686035157 0.17727245330810548 0.7959909057617187 0.1749398612976074 0.7949607849121094 0.708006362915039
9 0.9451956176757812 0.7234996795654297 0.9459283447265625 0.20413631439208985 0.8813882446289063 0.2025556755065918 0.880655517578125 0.7219190979003907
