22 0.19177587509155272 0.7354337310791016 0.19284677505493164 0.2504503059387207 0.1156973934173584 0.2485746383666992 0.11462650299072266 0.7335579681396485
17 0.2786042976379395 0.7376047515869141 0.27983009338378906 0.2548881721496582 0.19760637283325194 0.2525893211364746 0.19638057708740234 0.7353058624267578
0 0.36368804931640625 0.7316228485107422 0.36444194793701173 0.2696737289428711 0.2873331832885742 0.2682881736755371 0.28657930374145507 0.7302372741699219
3 0.44799137115478516 0.7365473175048828 0.4486622619628906 0.2591209411621094 0.37157402038574217 0.25792821884155276 0.3709031295776367 0.7353545379638672
14 0.5335102844238281 0.7420818328857421 0.5344858169555664 0.2710288429260254 0.4554839324951172 0.2692275047302246 0.4545084381103516 0.7402805328369141
33 0.61712890625 0.745836410522461 0.6184928512573242 0.26763210296630857 0.5395468902587891 0.2651527786254883 0.5381829071044922 0.7433570861816406
1 0.6964572906494141 0.7489373779296875 0.6974028778076172 0.28550321578979493 0.6341590118408204 0.2840822982788086 0.6332133865356445 0.7475164794921875
0 0.7822772216796875 0.7512001037597656 0.7833269500732422 0.30651123046875 0.707563247680664 0.3045420265197754 0.7065135192871094 0.7492308807373047
0 0.8665188598632813 0.7556670379638671 0.86739013671875 0.3002769088745117 0.7922911834716797 0.29869483947753905 0.7914198303222656 0.7540849304199219
5 0.951846923828125 0.7703926849365235 0.9528630065917969 0.30256866455078124 0.8737580108642579 0.3006772613525391 0.8727420806884766 0.7685013580322265
