22 0.20206693649291993 0.7521517181396484 0.2022201919555664 0.26243595123291014 0.12125842094421387 0.26215686798095705 0.12110518455505372 0.7518726348876953
17 0.29331987380981445 0.7570177459716797 0.29354381561279297 0.2682728385925293 0.21158763885498047 0.2678591918945312 0.2113637161254883 0.7566040802001953
0 0.38190967559814454 0.7563777923583984 0.38241230010986327 0.2791984748840332 0.30604722976684573 0.27831247329711917 0.3055446243286133 0.755491714477539
1 0.4663300704956055 0.7705416107177734 0.466650390625 0.2724743843078613 0.40612789154052736 0.2720457077026367 0.40580757141113283 0.7701129150390625
13 0.5598725509643555 0.7666777038574218 0.5612426376342774 0.27406103134155274 0.4841726684570313 0.27170000076293943 0.4828025817871094 0.7643167114257813
33 0.6529226684570313 0.7739226531982422 0.6539157867431641 0.27383979797363284 0.5744743347167969 0.27210229873657227 0.5734812545776368 0.7721851348876954
6 0.7388764953613282 0.7647953033447266 0.7391163635253907 0.29175926208496095 0.6673692321777344 0.291358642578125 0.6671293640136718 0.7643946838378907
6 0.8302462005615234 0.7694550323486328 0.8304701232910157 0.2900569152832031 0.7553941345214844 0.2896707916259766 0.7551702117919922 0.7690689086914062
7 0.9192769622802734 0.7763492584228515 0.920281982421875 0.28945987701416015 0.8406468963623047 0.28764930725097654 0.8396417999267578 0.7745387268066406
6 0.9998063659667968 0.7824324035644531 1.0005012512207032 0.3049231147766113 0.9332878875732422 0.3038457298278809 0.932593002319336 0.7813550567626953
