22 0.21342018127441406 0.7514773559570312 0.2136056327819824 0.2830168342590332 0.1349757957458496 0.28264963150024414 0.13479036331176758 0.7511101531982421
17 0.2992275619506836 0.7549755859375 0.29970565795898435 0.290197582244873 0.22113195419311524 0.2892440223693848 0.22065383911132813 0.754021987915039
0 0.3847909927368164 0.7536968994140625 0.384842643737793 0.2944429588317871 0.30835638046264646 0.2943415641784668 0.3083047294616699 0.7535955047607422
3 0.3938399124145508 0.7567315673828126 0.46909488677978517 0.7565814971923828 0.4690171051025391 0.2963075637817383 0.39376216888427734 0.2964575576782227
12 0.5551798248291016 0.756980972290039 0.5559437942504882 0.30220756530761717 0.47891719818115236 0.30068111419677734 0.47815330505371095 0.7554545593261719
31 0.6401052856445313 0.759955825805664 0.640933609008789 0.2966412925720215 0.5675759887695313 0.29509395599365235 0.5667475891113282 0.7584085083007812
3 0.7240692138671875 0.7597118377685547 0.7243220520019531 0.3030160140991211 0.6492288208007813 0.30252561569213865 0.6489760589599609 0.7592213439941407
3 0.8088969421386719 0.7599442291259766 0.8091378784179688 0.3068956756591797 0.7343414306640625 0.3064265251159668 0.7341004943847657 0.7594750213623047
3 0.8913301849365234 0.7586284637451172 0.8923578643798828 0.3034834289550781 0.8186437225341797 0.30151981353759766 0.8176160430908204 0.7566648101806641
9 0.9761602020263672 0.7614818572998047 0.9769686889648438 0.3095838928222656 0.9027236938476563 0.3080166816711426 0.9019151306152344 0.75991455078125
