22 0.1443319511413574 0.8245206451416016 0.1451536750793457 0.33081859588623047 0.0577849817276001 0.3293239974975586 0.05696324825286865 0.823026123046875
17 0.24335691452026367 0.8148239135742188 0.24414793014526368 0.3188576126098633 0.15439684867858885 0.3173863983154297 0.15360583305358888 0.8133527374267578
0 0.3388656234741211 0.8007366180419921 0.33982181549072266 0.32566295623779296 0.25195091247558593 0.32384525299072264 0.25099472045898436 0.7989189147949218
2 0.4324930572509766 0.7994139099121094 0.4330706787109375 0.30846435546875 0.3464126205444336 0.30741655349731445 0.3458350372314453 0.7983660888671875
15 0.5314557647705078 0.7839085388183594 0.5326081466674805 0.2862607765197754 0.44057071685791016 0.2840703392028809 0.4394183349609375 0.7817181396484375
30 0.6191035461425781 0.7583362579345703 0.62055419921875 0.27577892303466794 0.5357411956787109 0.2731583023071289 0.534290542602539 0.7557156372070313
8 0.7064923858642578 0.7461508178710937 0.7075922393798828 0.27591896057128906 0.6268784332275391 0.27397850036621096 0.6257785415649414 0.7442104339599609
2 0.7971717834472656 0.7417753601074218 0.7977664184570312 0.2560122299194336 0.7126106262207031 0.2549408721923828 0.7120159912109375 0.7407039642333985
5 0.8901715087890625 0.719873046875 0.890969009399414 0.23076164245605468 0.8029331207275391 0.2292863655090332 0.8021356201171875 0.7183977508544922
0 0.969413070678711 0.7032222747802734 0.970032958984375 0.23603843688964843 0.8910242462158203 0.2349609375 0.8904044342041015 0.702144775390625
