22 0.18317596435546876 0.768343276977539 0.1832144546508789 0.33884613037109373 0.1033303165435791 0.33876838684082033 0.10329180717468261 0.7682654571533203
17 0.2677447509765625 0.7710041809082031 0.26843976974487305 0.34544979095458983 0.19199201583862305 0.34409488677978517 0.19129697799682618 0.7696492767333984
0 0.3537501525878906 0.7727260589599609 0.35393672943115234 0.35327880859375 0.27829727172851565 0.35291370391845706 0.2781107139587402 0.7723609924316406
1 0.4284276580810547 0.7799256134033203 0.42874382019042967 0.34098079681396487 0.3768860626220703 0.3405755615234375 0.376569938659668 0.7795203399658203
13 0.5208422088623047 0.7748956298828125 0.5217193222045898 0.3440510559082031 0.44672107696533203 0.3423942184448242 0.4458439636230469 0.7732387542724609
29 0.6091732788085937 0.7709065246582031 0.6099959182739257 0.33902587890625 0.5368970489501953 0.33751506805419923 0.536074447631836 0.7693956756591797
7 0.6915487670898437 0.7744245910644532 0.6922682189941406 0.3359249114990234 0.6168640899658203 0.33458251953125 0.6161445999145507 0.7730821990966796
1 0.7658937835693359 0.7803569030761719 0.7664605712890625 0.3404254150390625 0.7126435852050781 0.33967315673828125 0.7120768737792968 0.7796045684814453
3 0.8565557861328125 0.7786566925048828 0.8567256927490234 0.3466059112548828 0.7841983795166015 0.3462965774536133 0.7840284729003906 0.778347396850586
2 0.9401149749755859 0.7860556793212891 0.940496826171875 0.357031364440918 0.8661077880859375 0.35631275177001953 0.8657259368896484 0.7853370666503906
