22 0.2174966812133789 0.7296416473388672 0.217602481842041 0.24194089889526368 0.14712032318115234 0.24172847747802734 0.1470145320892334 0.7294291687011719
17 0.30418603897094726 0.7429607391357422 0.305213565826416 0.23860471725463867 0.23095977783203125 0.23650318145751953 0.22993227005004882 0.7408592224121093
0 0.3887257385253906 0.7379676818847656 0.38908565521240235 0.2513867950439453 0.3185643005371094 0.2506622123718262 0.3182044410705566 0.7372430419921875
3 0.4726511383056641 0.7479270935058594 0.47373405456542966 0.24945680618286134 0.4062599563598633 0.24742034912109376 0.405177001953125 0.7458906555175782
14 0.5601863861083984 0.7594596099853516 0.5609176635742188 0.24133712768554688 0.4850741195678711 0.23985008239746095 0.48434288024902344 0.7579725646972656
15 0.6429757690429687 0.7508467102050781 0.644131088256836 0.24309125900268555 0.5704747009277343 0.24076301574707032 0.5693193817138672 0.7485185241699219
9 0.7219443511962891 0.7527761840820313 0.722652587890625 0.2664318084716797 0.6573654174804687 0.26511112213134763 0.6566572570800782 0.7514555358886719
6 0.8039038848876953 0.7513506317138672 0.8040402221679688 0.26432605743408205 0.7395869445800781 0.2640754890441894 0.7394506072998047 0.751100082397461
1 0.8836273956298828 0.7570710754394532 0.883877944946289 0.2519548034667969 0.8299115753173828 0.25158283233642575 0.8296611022949218 0.7566990661621094
1 0.9635025024414062 0.754117660522461 0.9642850494384766 0.25636438369750975 0.9116144561767578 0.2552139091491699 0.9108318328857422 0.7529672241210937
