22 0.20337289810180664 0.7512134552001953 0.2034621810913086 0.31577693939208984 0.13443015098571778 0.315611629486084 0.1343408679962158 0.7510482025146484
17 0.28554769515991213 0.7547623443603516 0.285831356048584 0.32401817321777343 0.21689111709594727 0.3234881591796875 0.21660741806030273 0.7542322540283203
0 0.3665777587890625 0.7520589447021484 0.3667462921142578 0.32641990661621095 0.30148532867431643 0.32611831665039065 0.3013167953491211 0.7517573547363281
1 0.44397979736328125 0.7717910766601562 0.44463375091552737 0.3202595520019531 0.3999040985107422 0.31950326919555666 0.3992501449584961 0.7710347747802735
14 0.537286148071289 0.7712104034423828 0.5377504730224609 0.3125162124633789 0.462818603515625 0.3116307830810547 0.4623542785644531 0.7703249359130859
31 0.616065673828125 0.7618382263183594 0.6170018768310547 0.32501895904541017 0.5520524215698243 0.3233940124511719 0.5511162185668945 0.7602131652832032
8 0.6940809631347656 0.7560758972167969 0.695024642944336 0.3437191390991211 0.6325290679931641 0.34204944610595706 0.6315854263305664 0.7544062042236328
2 0.7775858306884765 0.7795275115966797 0.7779877471923828 0.34215171813964845 0.7116494750976563 0.34143993377685544 0.7112474822998047 0.7788157653808594
5 0.8635160827636719 0.7743816375732422 0.86404296875 0.3333206939697266 0.7937203216552734 0.3323400115966797 0.7931934356689453 0.7734009552001954
8 0.940601806640625 0.7749517822265625 0.9411790466308594 0.356068000793457 0.8763148498535156 0.3550246810913086 0.8757375335693359 0.773908462524414
