22 0.2025875473022461 0.6163794326782227 0.20357097625732423 0.08950695037841797 0.1309630298614502 0.0871540641784668 0.12997958183288574 0.6140265655517578
17 0.2844626235961914 0.6143151473999023 0.2845545196533203 0.10713724136352538 0.21350021362304689 0.10691376686096192 0.21340831756591797 0.6140916824340821
0 0.36604278564453124 0.6332566833496094 0.366343994140625 0.12319040298461914 0.29679092407226565 0.12247737884521484 0.2964897537231445 0.6325436401367187
1 0.4377671432495117 0.6465689849853515 0.4384226608276367 0.12327846527099609 0.3897829818725586 0.12222066879272461 0.38912746429443357 0.6455111694335938
13 0.5273966979980469 0.656574478149414 0.5282257080078125 0.12702703475952148 0.45600215911865233 0.12506389617919922 0.4551730728149414 0.6546113586425781
33 0.6103339385986328 0.6642646789550781 0.611016616821289 0.12839187622070314 0.5400911712646485 0.12682324409484863 0.5394084930419922 0.6626960754394531
5 0.6937016296386719 0.6587144470214844 0.69410888671875 0.1346718692779541 0.6195414733886718 0.13366590499877928 0.6191341781616211 0.6577084350585938
4 0.7718003845214844 0.6701985931396485 0.7719082641601562 0.14615422248840332 0.7007756042480469 0.14590006828308105 0.700667724609375 0.6699444580078125
2 0.8510484313964843 0.6834226226806641 0.8514967346191407 0.1645405960083008 0.7813404846191406 0.1634882164001465 0.7808921813964844 0.6823702239990235
9 0.9332077789306641 0.6924088287353516 0.9339264678955078 0.17281204223632812 0.8627094268798828 0.17110179901123046 0.8619907379150391 0.6906986236572266
