22 0.12794017791748047 0.7384923553466797 0.20779693603515625 0.7383241271972656 0.20771095275878906 0.2693383407592773 0.12785419464111328 0.26950654983520506
17 0.2948834228515625 0.7375837707519531 0.2950013542175293 0.2723807144165039 0.21578832626342773 0.27214994430541994 0.21567041397094727 0.7373529815673828
0 0.3867886352539063 0.7369855499267578 0.3871588134765625 0.2835549736022949 0.3116235160827637 0.28284635543823244 0.31125333786010745 0.7362769317626953
2 0.3964674758911133 0.7435960388183593 0.47206722259521483 0.7435166931152344 0.47202510833740235 0.2826788711547852 0.3964253616333008 0.2827582740783691
16 0.5560518646240235 0.7379914855957032 0.5563320922851562 0.2824913787841797 0.4831559371948242 0.2819740104675293 0.4828756332397461 0.7374741363525391
14 0.6452113342285156 0.745241470336914 0.6455018615722656 0.2696402931213379 0.5639988327026367 0.26906820297241213 0.5637082290649414 0.7446693420410156
8 0.7382723236083985 0.7387457275390625 0.7389397430419922 0.2881867218017578 0.6653824615478515 0.2869346237182617 0.6647150421142578 0.7374936676025391
1 0.8058502960205078 0.7377640533447266 0.8064217376708984 0.28314130783081054 0.7518376922607422 0.2823528289794922 0.7512662506103516 0.7369756317138672
7 0.8911318969726563 0.7418330383300781 0.8918148803710938 0.2762528610229492 0.8151383972167969 0.27496028900146485 0.8144554138183594 0.7405404663085937
1 0.959478988647461 0.7462004089355468 0.9601941680908204 0.28027647018432617 0.9045331573486328 0.27929466247558593 0.9038179779052734 0.7452185821533203
