22 0.20778020858764648 0.754041519165039 0.20894521713256836 0.24850393295288087 0.1324407196044922 0.24627758026123048 0.1312757110595703 0.751815185546875
17 0.2950561904907227 0.7558187103271484 0.2960235214233398 0.25524166107177737 0.21585289001464844 0.25328535079956055 0.21488555908203125 0.7538623809814453
0 0.37787612915039065 0.7587561798095703 0.3788169479370117 0.26604873657226563 0.30284339904785157 0.2642167282104492 0.3019025421142578 0.7569241333007812
2 0.46399478912353515 0.760567398071289 0.46478729248046874 0.2721708679199219 0.38516677856445314 0.27053924560546877 0.38437427520751954 0.7589357757568359
16 0.5468452453613282 0.7646361541748047 0.5475540924072265 0.2737315368652344 0.47307750701904294 0.2723736381530762 0.47236869812011717 0.7632782745361328
19 0.6324960708618164 0.7728678894042968 0.6335275268554688 0.2810253143310547 0.5523414611816406 0.2788752555847168 0.5513100051879882 0.7707177734375
0 0.7153400421142578 0.7755591583251953 0.7163805389404296 0.29565589904785156 0.6397798156738281 0.29355855941772463 0.6387392807006836 0.7734619140625
2 0.7992511749267578 0.7875258636474609 0.800279541015625 0.2952158164978027 0.7221344757080078 0.2931543922424316 0.7211060333251953 0.7854644012451172
9 0.881070327758789 0.7876570892333984 0.8821371459960937 0.29933526992797854 0.8077079010009766 0.29728189468383787 0.8066410064697266 0.7856036376953125
7 0.9660722351074219 0.8023265838623047 0.9672661590576171 0.2978232765197754 0.8905532073974609 0.2955308532714844 0.8893593597412109 0.8000341796875
