22 0.20090187072753907 0.7950602722167969 0.20103015899658203 0.326541633605957 0.12090286254882812 0.3262715148925781 0.12077457427978516 0.7947901153564453
17 0.28295120239257815 0.8004464721679687 0.28391828536987307 0.3362338638305664 0.20685646057128906 0.3342573165893555 0.20588935852050783 0.7984699249267578
0 0.3662174987792969 0.7964728546142578 0.3665459442138672 0.3393058776855469 0.2913100814819336 0.3386404037475586 0.29098159790039063 0.7958073425292969
1 0.44052722930908206 0.8089697265625 0.44105579376220705 0.3339883804321289 0.3851931381225586 0.33322303771972656 0.3846645736694336 0.8082044219970703
13 0.5309991073608399 0.8124462127685547 0.531723747253418 0.3411365509033203 0.454244499206543 0.33966983795166017 0.4535198593139648 0.8109795379638672
32 0.6178044509887696 0.8175880432128906 0.6185810470581055 0.345371208190918 0.5397071075439454 0.3437741470336914 0.538930549621582 0.8159909057617187
9 0.6980995941162109 0.8147728729248047 0.6984130096435547 0.3610525894165039 0.6251497268676758 0.3604295349121094 0.624836311340332 0.8141497039794922
9 0.7812613677978516 0.8156661987304688 0.7817321014404297 0.36003501892089845 0.7070653533935547 0.3590850830078125 0.7065946197509766 0.8147162628173829
4 0.8633797454833985 0.8197579193115234 0.8640982818603515 0.35207744598388674 0.7890369415283203 0.3506576919555664 0.7883184051513672 0.8183382415771484
2 0.8720090484619141 0.8289349365234375 0.9473525238037109 0.8289137268066407 0.9473419952392578 0.37091339111328125 0.8719985198974609 0.3709346008300781
