22 0.19395761489868163 0.70168212890625 0.19478456497192384 0.3062597846984863 0.12184125900268555 0.3048589897155762 0.12101430892944336 0.7002813720703125
17 0.279698486328125 0.7063600158691407 0.2801078796386719 0.3200664520263672 0.20684328079223632 0.31935346603393555 0.20643388748168945 0.7056470489501954
0 0.36184646606445314 0.7107650756835937 0.36217460632324217 0.3310022735595703 0.2928251075744629 0.3304520416259766 0.2924969482421875 0.71021484375
2 0.4439599609375 0.7289735412597657 0.4442319488525391 0.3399392318725586 0.37586143493652346 0.3395003128051758 0.3755894470214844 0.7285345458984375
15 0.5333790588378906 0.7257392120361328 0.5337709808349609 0.32997951507568357 0.4579379272460937 0.3292898941040039 0.45754600524902345 0.7250495910644531
19 0.6153080368041992 0.733800048828125 0.6163613891601563 0.34588272094726563 0.5432895278930664 0.3440606689453125 0.542236213684082 0.7319780731201172
8 0.6962202453613281 0.7374763488769531 0.6972665405273437 0.3651104736328125 0.6294518280029296 0.3633607864379883 0.628405647277832 0.7357266235351563
1 0.7721734619140626 0.7524891662597656 0.7726283264160156 0.3606917572021484 0.7230758666992188 0.3601634979248047 0.7226210021972657 0.7519609069824219
2 0.8642735290527344 0.7646437072753907 0.8648158264160156 0.37606834411621093 0.7948043823242188 0.37517097473144534 0.7942620849609375 0.763746337890625
3 0.9481095886230468 0.7670673370361328 0.9484117126464844 0.37696884155273436 0.8796530151367188 0.3764798355102539 0.8793508911132812 0.7665782928466797
