22 0.21816728591918946 0.765433349609375 0.21816850662231446 0.2688356018066406 0.13357919692993164 0.2688330078125 0.13357800483703614 0.765430679321289
17 0.3044688987731934 0.7645689392089844 0.3048043632507324 0.2786257553100586 0.2230411720275879 0.2779076385498047 0.2227056884765625 0.7638507843017578
0 0.38982467651367186 0.759715805053711 0.3901467132568359 0.2829901313781738 0.3111544609069824 0.2823113822937012 0.3108324432373047 0.7590370178222656
3 0.4739014434814453 0.7656040954589843 0.4740575408935547 0.28289577484130857 0.3976336669921875 0.2825813865661621 0.39747760772705076 0.7652896881103516
13 0.5590547180175781 0.7633259582519532 0.5592995452880859 0.27586809158325193 0.48046966552734377 0.27536455154418943 0.48022491455078126 0.7628224182128907
30 0.6452695465087891 0.7542116546630859 0.6458936309814454 0.2821228218078613 0.5680532455444336 0.28081396102905276 0.56742919921875 0.75290283203125
8 0.7289198303222656 0.7542813110351563 0.7289730072021484 0.2893744087219238 0.6537863159179688 0.2892650604248047 0.6537330627441407 0.7541719818115235
2 0.812127456665039 0.765120849609375 0.8123509216308594 0.2815486145019531 0.7357421875 0.2810983085632324 0.7355187225341797 0.7646705627441406
9 0.8979379272460938 0.7601001739501954 0.898211669921875 0.2786218452453613 0.8206455993652344 0.27806079864501954 0.8203717803955078 0.7595390319824219
1 0.9651612854003906 0.7683935546875 0.9657268524169922 0.2793403053283691 0.9099130249023437 0.2785192489624023 0.9093474578857422 0.7675725555419922
