22 0.2134080696105957 0.742982177734375 0.21416929244995117 0.3242063522338867 0.13964158058166504 0.32270111083984376 0.13888036727905273 0.74147705078125
17 0.2943040084838867 0.7433535766601562 0.29454017639160157 0.33110740661621096 0.2208295440673828 0.3306381988525391 0.22059337615966798 0.7428843688964843
0 0.37353851318359377 0.7399144744873047 0.3737001800537109 0.3411904525756836 0.30215402603149416 0.3408681106567383 0.30199235916137696 0.7395921325683594
1 0.43663265228271486 0.7485695648193359 0.4372954177856445 0.33710929870605466 0.3867741775512695 0.33620510101318357 0.3861114120483398 0.7476653289794922
14 0.5218390655517579 0.7584950256347657 0.5221675491333008 0.3301436614990234 0.44406959533691404 0.32947826385498047 0.44374107360839843 0.75782958984375
31 0.5975406265258789 0.7568241119384765 0.5985982513427734 0.3396802139282227 0.5321923446655273 0.3378096389770508 0.5311347961425781 0.7549535369873047
7 0.6756452178955078 0.7575851440429687 0.6760463714599609 0.3363380432128906 0.6038463592529297 0.33557422637939455 0.6034452819824219 0.7568213653564453
4 0.7544093322753906 0.7714503479003906 0.7554756164550781 0.34727954864501953 0.6835546875 0.3452706146240234 0.6824884033203125 0.7694414520263672
5 0.8377508544921874 0.7645179748535156 0.8379844665527344 0.3478702545166016 0.7622021484375 0.3473979949951172 0.7619685363769532 0.7640457153320312
2 0.9136996459960938 0.77291259765625 0.9141328430175781 0.36125324249267576 0.8421586608886719 0.36041156768798827 0.8417254638671875 0.7720709228515625
