22 0.18743757247924805 0.7211980438232422 0.18746767044067383 0.25683916091918946 0.1082412052154541 0.25677881240844724 0.10821106910705566 0.7211376190185547
17 0.19588998794555665 0.7298524475097656 0.2755442237854004 0.7298320770263672 0.2755340385437012 0.26223814010620117 0.1958798027038574 0.26225852966308594
0 0.3595056915283203 0.7299803161621093 0.35975959777832034 0.27346336364746093 0.2839782524108887 0.27296855926513675 0.28372434616088865 0.7294855499267578
2 0.4432370376586914 0.7446162414550781 0.4434571075439453 0.2775718879699707 0.3679346466064453 0.2771541976928711 0.3677145767211914 0.7441985321044922
14 0.4510318374633789 0.7493006896972656 0.5331692504882812 0.7492878723144532 0.5331627655029297 0.2635197067260742 0.45102535247802733 0.2635326385498047
14 0.6197879409790039 0.75349365234375 0.6198155212402344 0.26837461471557617 0.5385861206054687 0.2683203887939453 0.5385585403442383 0.7534393310546875
6 0.7021585845947266 0.7483358764648438 0.7022792053222656 0.2903571128845215 0.6255952072143555 0.2901200866699219 0.6254746246337891 0.7480989074707032
1 0.7754981994628907 0.761203384399414 0.7756272888183594 0.2865687561035156 0.7193084716796875 0.2863889122009277 0.719179458618164 0.7610234832763672
4 0.8694088745117188 0.7793950653076172 0.8702698516845703 0.29244943618774416 0.7914495086669922 0.2908136177062988 0.7905886077880859 0.7777592468261719
7 0.948239517211914 0.7725532531738282 0.9490681457519531 0.2993142890930176 0.8777558898925781 0.2978483200073242 0.8769271850585938 0.7710872650146484
