22 0.2010878562927246 0.7062910461425781 0.2024710273742676 0.18514547348022461 0.12012035369873048 0.18242895126342773 0.118737154006958 0.703574447631836
17 0.28606462478637695 0.7225199127197266 0.28731647491455076 0.1893378448486328 0.20823999404907226 0.18703027725219726 0.20698816299438477 0.72021240234375
0 0.37755184173583983 0.6996766662597657 0.37838253021240237 0.21084741592407227 0.29532581329345703 0.2090930938720703 0.2944950485229492 0.6979222869873047
1 0.4597955322265625 0.7225437927246093 0.46040847778320315 0.22615949630737306 0.39368865966796873 0.22513555526733398 0.39307575225830077 0.721519775390625
14 0.5481554412841797 0.7257521820068359 0.5494211196899415 0.21511343002319336 0.4678911590576172 0.2126019287109375 0.4666254806518555 0.7232406616210938
31 0.6311470413208008 0.7159983825683593 0.6329160308837891 0.2094924545288086 0.5555921936035156 0.20613615036010743 0.5538232421875 0.7126420593261719
6 0.7139159393310547 0.7184839630126953 0.7151579284667968 0.24881748199462891 0.6428021240234375 0.2464395523071289 0.6415601348876954 0.7161061096191407
5 0.8020254516601563 0.7251573181152344 0.8028694152832031 0.23906320571899414 0.7274335479736328 0.23743549346923828 0.726589584350586 0.7235296630859375
7 0.8818044281005859 0.7416645050048828 0.8827665710449218 0.24157352447509767 0.8081620025634766 0.23978940963745118 0.8071997833251953 0.73988037109375
5 0.972466812133789 0.7598760986328125 0.9738994598388672 0.23675683975219727 0.8914591979980468 0.23395082473754883 0.8900267028808594 0.7570701599121094
