22 0.19801776885986327 0.7758409118652344 0.19820531845092773 0.2747394752502441 0.12409518241882324 0.2743653678894043 0.12390764236450195 0.7754668426513672
17 0.2827203369140625 0.7939201354980469 0.2838518524169922 0.2941097068786621 0.20830549240112306 0.2918027114868164 0.20717395782470704 0.7916131591796876
0 0.3662970733642578 0.7872393798828125 0.3665387725830078 0.30616743087768555 0.2957227325439453 0.3056873893737793 0.29548095703125 0.7867593383789062
1 0.4449654769897461 0.7945613098144532 0.4454106903076172 0.2912444114685059 0.38918003082275393 0.29057342529296876 0.3887347793579102 0.793890380859375
15 0.5394861221313476 0.8096643829345703 0.5400682830810547 0.2945427513122559 0.46259815216064454 0.2933616638183594 0.46201595306396487 0.8084832763671875
11 0.6199995422363281 0.8009212493896485 0.6204117965698243 0.30326759338378906 0.5475284576416015 0.30245319366455076 0.5471161651611328 0.8001068878173828
4 0.6992619323730469 0.80606201171875 0.7004594421386718 0.31294090270996094 0.6322542572021485 0.31070682525634763 0.6310568618774414 0.8038279724121093
8 0.7865841674804688 0.802801513671875 0.7869181823730469 0.3282626724243164 0.718516845703125 0.3276133728027344 0.7181828308105469 0.8021521759033203
9 0.8679197692871093 0.8183169555664063 0.8688543701171875 0.32890995025634767 0.8036278533935547 0.32722965240478513 0.8026933288574218 0.8166366577148437
7 0.9557177734375 0.8282545471191406 0.9562815856933594 0.31395492553710935 0.8830874633789062 0.3128726577758789 0.8825236511230469 0.8271722412109375
