22 0.20723005294799804 0.7350386810302735 0.20831605911254883 0.2488798141479492 0.12679285049438477 0.2467872428894043 0.12570685386657715 0.7329460906982422
17 0.29396108627319334 0.7403443908691406 0.2950136947631836 0.25138755798339846 0.2129107666015625 0.24935646057128907 0.21185813903808592 0.7383132934570312
0 0.37731430053710935 0.7458771514892578 0.3782086181640625 0.2776852035522461 0.30070899963378905 0.27598411560058594 0.29981470108032227 0.744176025390625
3 0.461636962890625 0.7567423248291015 0.46272911071777345 0.27286821365356445 0.38762626647949217 0.27092031478881834 0.38653411865234377 0.7547943878173828
14 0.5478738021850585 0.7611567687988281 0.5489058685302735 0.2759144020080566 0.47191883087158204 0.2740329170227051 0.4708868026733398 0.7592752838134765
27 0.6347105407714844 0.7687232971191407 0.6356174850463867 0.2845650863647461 0.5540314483642578 0.28280904769897464 0.5531245040893554 0.7669672393798828
5 0.7190279388427734 0.7646668243408203 0.7200362396240234 0.2888901519775391 0.6404781341552734 0.2869528198242188 0.6394698715209961 0.7627294921875
1 0.8006957244873046 0.7782359313964844 0.8017313385009766 0.2987564277648926 0.7344438934326172 0.29708641052246093 0.7334082794189453 0.7765659332275391
7 0.8840857696533203 0.7730076599121094 0.8849396514892578 0.30348289489746094 0.8085817718505859 0.30188730239868167 0.8077278900146484 0.7714120483398438
8 0.9715842437744141 0.7872260284423828 0.9729584503173828 0.3284615707397461 0.8942652130126953 0.32575286865234376 0.8928910064697265 0.7845173645019531
