22 0.06902295112609863 0.8173936462402344 0.16745765686035155 0.8147156524658203 0.16648170471191406 0.4025034713745117 0.06804700374603272 0.4051815032958984
17 0.17348722457885743 0.8200316619873047 0.2626095390319824 0.8199049377441406 0.2625579261779785 0.40293495178222655 0.17343561172485353 0.4030616760253906
0 0.3929239273071289 0.8222831726074219 0.393422966003418 0.40538787841796875 0.3085922622680664 0.4042209625244141 0.3080932235717773 0.8211163330078125
2 0.47099311828613283 0.8329347229003906 0.47136703491210935 0.409048957824707 0.3934586334228516 0.40825927734375 0.393084716796875 0.832145004272461
14 0.5668205642700195 0.8343849182128906 0.566910400390625 0.39907623291015626 0.4939493942260742 0.39890323638916014 0.4938595962524414 0.8342118835449219
14 0.6409326171875 0.8352191162109375 0.6412167358398437 0.4033916473388672 0.5690963363647461 0.40284629821777346 0.5688121795654297 0.834673843383789
6 0.7478871154785156 0.83797607421875 0.7481472778320313 0.4156582260131836 0.6711679077148438 0.4151133346557617 0.6709077453613281 0.8374311828613281
1 0.7905018615722657 0.8261455535888672 0.7912849426269531 0.42143543243408205 0.7453413391113282 0.4204139709472656 0.7445582580566407 0.8251241302490234
0 0.8757437896728516 0.8344305419921875 0.8758696746826172 0.416888542175293 0.7935930633544922 0.41660343170166014 0.7934671783447266 0.8341454315185547
9 0.9539147186279296 0.84447998046875 0.9546183013916015 0.41758960723876953 0.878119125366211 0.4161408996582031 0.8774155426025391 0.8430313110351563
