22 0.1960783576965332 0.8369304656982421 0.1963909912109375 0.3247441482543945 0.11223361015319824 0.32415271759033204 0.11192099571228027 0.8363389587402343
17 0.28285017013549807 0.8216807556152343 0.2840278434753418 0.32339790344238284 0.20147872924804688 0.32115161895751954 0.20030107498168945 0.8194344329833985
0 0.36861122131347657 0.8124334716796875 0.3690566635131836 0.31660308837890627 0.2914858245849609 0.3158006286621094 0.2910403060913086 0.8116310119628907
2 0.4585719680786133 0.8127133941650391 0.4595314025878906 0.3113473701477051 0.3788699722290039 0.30957019805908204 0.37791053771972655 0.8109361267089844
16 0.5454230499267578 0.7869178009033203 0.5457982254028321 0.3005009078979492 0.4698569869995117 0.2998264503479004 0.46948177337646485 0.7862432861328125
17 0.6302021026611329 0.7810896301269531 0.6310843276977539 0.2969051933288574 0.5500218200683594 0.29520469665527344 0.5491396713256836 0.7793891143798828
0 0.7144605255126953 0.7655928039550781 0.7154283142089843 0.2754029083251953 0.6384691619873046 0.27365345001220703 0.6375013732910156 0.7638433837890625
3 0.7935111236572265 0.7569254302978515 0.7940572357177734 0.2772130584716797 0.7231195831298828 0.27628326416015625 0.7225735473632813 0.7559955596923829
8 0.8775878143310547 0.7439649963378906 0.8783224487304687 0.27122249603271487 0.8011676025390625 0.26984176635742185 0.8004328918457031 0.7425843048095703
7 0.9431363677978516 0.7509489440917969 0.9442984771728515 0.3156044387817383 0.8849554443359375 0.31378047943115234 0.8837932586669922 0.7491249084472656
