22 0.1314866542816162 0.7586536407470703 0.20856401443481445 0.758318862915039 0.20839399337768555 0.25483274459838867 0.13131664276123048 0.25516744613647463
17 0.29252613067626954 0.7699773406982422 0.293349494934082 0.2737361145019531 0.21796764373779298 0.27212751388549805 0.2171442413330078 0.7683686828613281
0 0.3761904525756836 0.7709098052978516 0.37658447265625 0.2867876052856445 0.30672168731689453 0.28605634689331055 0.3063277053833008 0.7701785278320312
2 0.4631002426147461 0.7861609649658203 0.46336677551269534 0.29414772033691405 0.38961986541748045 0.29363399505615234 0.38935333251953125 0.7856471252441406
13 0.5464392852783203 0.7851358032226563 0.5475258255004882 0.2942416763305664 0.47620601654052735 0.29221147537231446 0.475119514465332 0.7831056213378906
35 0.6355213546752929 0.7954909515380859 0.6357815170288086 0.2915827941894531 0.5596261596679688 0.29107717514038084 0.5593660354614258 0.7949852752685547
8 0.7159397888183594 0.7945918273925782 0.7169436645507813 0.31760683059692385 0.6481195068359376 0.3157438087463379 0.6471156311035157 0.7927288055419922
9 0.7982504272460937 0.801092758178711 0.7986659240722657 0.31518121719360354 0.7306565856933593 0.31443330764770505 0.7302410888671875 0.8003448486328125
9 0.879112548828125 0.8052317810058593 0.8796924591064453 0.31138763427734373 0.8139756774902344 0.3103950119018555 0.8133957672119141 0.8042391204833984
4 0.959952392578125 0.8075717926025391 0.9613326263427734 0.3075431251525879 0.8925222015380859 0.30510040283203127 0.8911420440673828 0.8051290893554688
