22 0.23304216384887697 0.7185706329345704 0.23312936782836913 0.1774851417541504 0.15621234893798827 0.17726062774658202 0.1561251163482666 0.7183460998535156
17 0.3137528991699219 0.7148591613769532 0.3139376258850098 0.18477653503417968 0.2388910484313965 0.18430288314819335 0.23870630264282228 0.7143855285644531
0 0.39403308868408204 0.7109954071044922 0.3942113876342773 0.19907764434814454 0.3217181777954102 0.1986205291748047 0.32153987884521484 0.710538330078125
2 0.47160797119140624 0.7236184692382812 0.47230972290039064 0.21356376647949218 0.40483192443847654 0.21188270568847656 0.4041301727294922 0.7219374847412109
15 0.5565956115722657 0.7275969696044922 0.5568389129638672 0.19416683197021484 0.4809766387939453 0.19354034423828126 0.48073333740234375 0.7269705963134766
19 0.6343262863159179 0.7227120971679688 0.6353609466552734 0.20449684143066407 0.5631244277954102 0.20188507080078125 0.5620897293090821 0.720100326538086
8 0.7122434997558593 0.7268748474121094 0.7124122619628906 0.22002979278564452 0.6444474792480469 0.2196201515197754 0.6442787170410156 0.7264651489257813
8 0.7931303405761718 0.7319236755371094 0.7935714721679688 0.23124160766601562 0.7262608337402344 0.23016788482666015 0.7258197021484375 0.7308499908447266
6 0.8734610748291015 0.7317745208740234 0.8735350799560547 0.23281097412109375 0.8046669769287109 0.23262592315673827 0.8045929718017578 0.7315894317626953
3 0.9521219635009766 0.7487812805175781 0.9529370880126953 0.2292713737487793 0.8833727264404296 0.22729476928710937 0.8825576019287109 0.7468046569824218
