22 0.20818931579589844 0.7182450103759765 0.20957534790039062 0.22575027465820313 0.1275941562652588 0.22309906005859376 0.12620811462402343 0.7155937957763672
17 0.29485086441040037 0.7268653869628906 0.2960832977294922 0.23226057052612303 0.21238235473632813 0.2298639678955078 0.21114990234375 0.7244687652587891
0 0.3829989242553711 0.7288378143310547 0.38437351226806643 0.2562964248657227 0.302097053527832 0.25354618072509766 0.30072242736816407 0.726087646484375
1 0.46485153198242185 0.7401579284667968 0.4659017181396484 0.2631915855407715 0.3978093719482422 0.2614687728881836 0.3967591857910156 0.7384351348876953
14 0.5509163284301758 0.743552474975586 0.5521677017211915 0.26715505599975586 0.4739029693603516 0.26479253768920896 0.4726515197753906 0.7411898803710938
31 0.6326834106445313 0.7474095153808594 0.6339839553833008 0.2724769973754883 0.5594445037841796 0.2701314163208008 0.5581439208984375 0.7450639343261719
6 0.7129556274414063 0.7425572204589844 0.7138919067382813 0.29144838333129885 0.6434126281738282 0.2897674179077148 0.6424763488769532 0.7408761596679687
5 0.7999105834960938 0.7504257202148438 0.8007098388671875 0.2763043975830078 0.7241343688964844 0.27482095718383787 0.7233351135253906 0.7489423370361328
7 0.8782653045654297 0.7612286376953125 0.8794635772705078 0.28497909545898437 0.8059662628173828 0.2828542327880859 0.8047679901123047 0.7591036987304688
5 0.9708464813232421 0.7815514373779296 0.972131118774414 0.2940421676635742 0.8900565338134766 0.2915568733215332 0.8887718963623047 0.779066162109375
