22 0.21921045303344727 0.7778105163574218 0.22019702911376954 0.2656546592712402 0.13731932640075684 0.26358556747436523 0.13633272171020508 0.7757414245605468
17 0.3042111396789551 0.7742564392089843 0.30502283096313476 0.2587907409667969 0.22476938247680664 0.2571529197692871 0.22395771026611327 0.7726185607910157
0 0.38718734741210936 0.7697932434082031 0.3880459213256836 0.2653653335571289 0.31238826751708987 0.2636963653564453 0.3115296936035156 0.7681242370605469
1 0.46823223114013673 0.7720249176025391 0.4689490509033203 0.2579296875 0.41264450073242187 0.2569121360778809 0.41192768096923826 0.7710073852539062
31 0.5584955978393554 0.768428955078125 0.5596702194213867 0.2334703254699707 0.4848093795776367 0.2313401222229004 0.48363475799560546 0.7662989044189453
10 0.6362055587768555 0.7690843963623046 0.637385139465332 0.24999467849731447 0.5678682327270508 0.24794736862182618 0.5666887283325195 0.7670370483398438
9 0.7235493469238281 0.7535861968994141 0.7246182250976563 0.24336742401123046 0.6510098266601563 0.2413690185546875 0.6499409484863281 0.7515877532958984
3 0.8105139923095703 0.7539264678955078 0.8114798736572265 0.24153133392333984 0.7369690704345703 0.23971088409423827 0.7360031890869141 0.7521060180664062
0 0.8928314971923829 0.7520161437988281 0.8932846832275391 0.24756149291992188 0.820867919921875 0.24671852111816406 0.8204148101806641 0.7511731719970703
9 0.9742855834960937 0.749483642578125 0.9752265930175781 0.24549402236938478 0.903872299194336 0.2437673568725586 0.9029313659667969 0.7477569580078125
