22 0.18997671127319335 0.7657390594482422 0.1904299736022949 0.3016554069519043 0.11700806617736817 0.30079959869384765 0.11655479431152344 0.7648831939697266
17 0.2739364433288574 0.7656519317626953 0.274715747833252 0.3049077606201172 0.20160972595214843 0.30343219757080075 0.2008304214477539 0.7641763305664062
0 0.3581691741943359 0.7603057861328125 0.35846786499023436 0.3122338104248047 0.28726825714111326 0.3116673278808594 0.2869695472717285 0.7597393035888672
4 0.4398059844970703 0.7736054229736328 0.4409187698364258 0.3070491600036621 0.3730018997192383 0.30511606216430665 0.3718891143798828 0.7716722869873047
22 0.5280223083496094 0.7655020141601563 0.5281665802001954 0.30702293395996094 0.4547907257080078 0.30674732208251954 0.4546463394165039 0.7652265167236328
30 0.6103438186645508 0.761618881225586 0.6115245819091797 0.31007469177246094 0.5392545318603515 0.3078193283081055 0.5380737686157226 0.7593635559082031
2 0.6911028289794922 0.7694139862060547 0.691740493774414 0.31184642791748046 0.6217105484008789 0.31068164825439454 0.6210727691650391 0.7682493591308593
4 0.7717021942138672 0.7597518920898437 0.7720716857910156 0.29596498489379885 0.7035262298583984 0.29531309127807615 0.7031566619873046 0.7591001129150391
0 0.8564920043945312 0.7538528442382812 0.8567549896240234 0.30676868438720706 0.7873795318603516 0.3062814521789551 0.7871163940429687 0.7533655548095703
6 0.9396456146240234 0.7549854278564453 0.9398944091796875 0.30565231323242187 0.8713035583496094 0.305198974609375 0.8710548400878906 0.7545322418212891
