22 0.19548017501831055 0.7778233337402344 0.19590896606445313 0.3024757766723633 0.11863203048706054 0.3016296577453613 0.11820322990417481 0.7769772338867188
17 0.2798777198791504 0.7775736236572266 0.2804864311218262 0.31162324905395505 0.20345722198486327 0.3104018020629883 0.20284849166870117 0.7763521575927734
0 0.36474822998046874 0.7758335113525391 0.3654061508178711 0.31672355651855466 0.29017330169677735 0.3154151153564453 0.289515438079834 0.7745250701904297
1 0.43984107971191405 0.7917857360839844 0.44034805297851565 0.31291934967041013 0.38480220794677733 0.3122054862976074 0.3842951965332031 0.7910718536376953
13 0.5328018569946289 0.7943106842041016 0.5334971618652343 0.31286521911621096 0.4553208923339844 0.3114948844909668 0.45462554931640625 0.7929402923583985
25 0.6144896697998047 0.790824966430664 0.6150323104858398 0.32196186065673826 0.5409177017211914 0.32092071533203126 0.5403749847412109 0.7897837829589843
4 0.701139907836914 0.7946767425537109 0.7028297424316406 0.31904346466064454 0.6258044815063477 0.3157222366333008 0.6241146850585938 0.7913555145263672
3 0.7848303985595703 0.7934576416015625 0.7851211547851562 0.33438098907470704 0.7119373321533203 0.33381851196289064 0.7116465759277344 0.7928951263427735
8 0.8680997467041016 0.7975272369384766 0.8689260101318359 0.3463394927978516 0.7969761657714843 0.3447402572631836 0.79614990234375 0.7959280395507813
9 0.9519512939453125 0.8065741729736328 0.9525733184814453 0.34729949951171873 0.8801030731201172 0.34610824584960936 0.8794811248779297 0.8053829193115234
