22 0.03708796501159668 0.8161973571777343 0.14366209030151367 0.8125406646728516 0.14249735832214355 0.3478111267089844 0.035923230648040774 0.3514677429199219
17 0.23572267532348634 0.8064533233642578 0.2361100959777832 0.3422919464111328 0.14684088706970214 0.3412718963623047 0.1464534568786621 0.8054331970214844
0 0.3465404510498047 0.8068846130371093 0.3467517852783203 0.35230144500732424 0.27411598205566406 0.3518392181396484 0.27390464782714846 0.8064224243164062
3 0.42199756622314455 0.8086528778076172 0.42234703063964846 0.35046295166015623 0.3521487045288086 0.34972999572753904 0.3517992401123047 0.807919921875
10 0.5414923477172852 0.8211024475097656 0.5420441436767578 0.3440192413330078 0.42958152770996094 0.34223854064941406 0.4290297317504883 0.8193217468261719
32 0.6607476043701171 0.8133444976806641 0.6611473846435547 0.3525514984130859 0.5492455291748047 0.35122222900390626 0.5488457489013672 0.8120152282714844
7 0.7560968017578125 0.8054802703857422 0.7566761779785156 0.3504973983764648 0.6771444702148437 0.3491107940673828 0.6765650939941407 0.8040936279296875
1 0.8114004516601563 0.8088471984863281 0.8123018646240234 0.3538457107543945 0.75782470703125 0.3523682022094727 0.7569232940673828 0.8073696899414062
9 0.8853775024414062 0.8159857177734375 0.8862814331054687 0.3534212493896484 0.8173524475097657 0.3515769958496094 0.8164485168457031 0.8141415405273438
7 0.9627065277099609 0.82139892578125 0.9638117218017578 0.350665283203125 0.8963394165039062 0.34849647521972654 0.8952341461181641 0.8192300415039062
