22 0.2087978172302246 0.6217060089111328 0.20976396560668945 0.00517942726612091 0.13225187301635744 0.0026697030663490294 0.1312857151031494 0.6191962814331055
17 0.2908820724487305 0.6173010635375976 0.2914456367492676 0.0038786152005195616 0.21531265258789062 0.002433408349752426 0.2147490692138672 0.615855941772461
0 0.37294002532958986 0.6153955459594727 0.37319728851318357 0.03106013059616089 0.29972904205322265 0.03039178133010864 0.2994717597961426 0.6147272109985351
1 0.43722049713134764 0.6215692138671876 0.4377729415893555 0.020534842014312743 0.3865286636352539 0.01956165909767151 0.3859762191772461 0.6205960083007812
15 0.5230148315429688 0.6171550750732422 0.5237800979614258 0.002068324536085129 0.44664100646972654 8.537552319467068e-05 0.4458757019042969 0.6151721572875977
12 0.6041279602050781 0.6212064743041992 0.604734001159668 0.029801042079925538 0.5292147827148438 0.028202035427093507 0.5286087417602539 0.6196073913574218
3 0.683992919921875 0.6235038757324218 0.6848030090332031 0.04458362102508545 0.6140100479125976 0.0425369119644165 0.6131999588012695 0.621457176208496
3 0.7644225311279297 0.6238532638549805 0.7653061676025391 0.042053723335266115 0.6947325897216797 0.03983911514282226 0.6938489532470703 0.6216386413574219
3 0.8465438079833985 0.6288291931152343 0.8473313140869141 0.04459465503692627 0.7752962493896485 0.04258864879608154 0.7745087432861328 0.6268231964111328
5 0.9322724151611328 0.6268315887451172 0.9327017974853515 0.01678850531578064 0.855745620727539 0.015669541358947756 0.8553162384033203 0.6257126235961914
