22 0.20198490142822265 0.7963702392578125 0.20246871948242187 0.2734781265258789 0.12228823661804199 0.2724605178833008 0.12180443763732911 0.7953526306152344
17 0.2890254783630371 0.7986559295654296 0.2901814651489258 0.2773493576049805 0.21011926651000976 0.2749140167236328 0.20896329879760742 0.7962205505371094
0 0.3766856002807617 0.7801428985595703 0.37700351715087893 0.2808132743835449 0.300162353515625 0.28014209747314456 0.2998443794250488 0.779471664428711
4 0.46666885375976563 0.8021566009521485 0.46822486877441405 0.2821615028381348 0.38737831115722654 0.27884286880493164 0.3858222961425781 0.7988379669189453
19 0.5518886566162109 0.7888179016113281 0.5529667663574219 0.2912325477600098 0.47718467712402346 0.2889802742004395 0.4761065673828125 0.7865655517578125
11 0.6359065246582031 0.7948773193359375 0.6369757080078124 0.29155832290649414 0.561229248046875 0.28935115814208984 0.560160026550293 0.7926701354980469
0 0.7249948120117188 0.7826619720458985 0.725321044921875 0.29279312133789065 0.6493754577636719 0.2920994758605957 0.6490492248535156 0.7819683837890625
2 0.811051025390625 0.7939083862304688 0.8112553405761719 0.28779346466064454 0.7347148132324218 0.2873694610595703 0.734510498046875 0.7934844207763672
0 0.8974593353271484 0.7724139404296875 0.8977320098876953 0.2795676040649414 0.8221791839599609 0.2789943313598633 0.821906509399414 0.7718406677246094
9 0.9822932434082031 0.7804991912841797 0.9830563354492188 0.2825861930847168 0.9087118530273437 0.2810231399536133 0.9079487609863282 0.7789361572265625
