22 0.2174285125732422 0.7996533966064453 0.21791473388671875 0.30070669174194337 0.13427175521850587 0.29962366104125976 0.13378551483154297 0.7985704040527344
17 0.3036944580078125 0.7978104400634766 0.3046059989929199 0.3184951591491699 0.22367355346679688 0.3164501571655273 0.2227620315551758 0.7957654571533204
0 0.391155891418457 0.8005742645263672 0.39194332122802733 0.3186182022094727 0.31551042556762693 0.3169589614868164 0.31472297668457033 0.7989150238037109
1 0.4666493988037109 0.8016183471679688 0.46737003326416016 0.3021311378479004 0.41769779205322266 0.3011789321899414 0.41697715759277343 0.8006661224365235
13 0.5580199432373046 0.8000287628173828 0.5588991165161132 0.3073151969909668 0.482679443359375 0.30550819396972656 0.4818002700805664 0.7982217407226563
11 0.6456207275390625 0.8014637756347657 0.6465966033935547 0.3156909942626953 0.5664888000488282 0.31355262756347657 0.5655128860473633 0.7993254089355468
1 0.7171673583984375 0.8009457397460937 0.718356704711914 0.311462459564209 0.6615805816650391 0.3096295356750488 0.6603912353515625 0.7991127777099609
4 0.7995280456542969 0.787830810546875 0.8007278442382812 0.2923332977294922 0.7289326477050782 0.2900234794616699 0.7277329254150391 0.7855209350585938
3 0.8820349884033203 0.7685703277587891 0.8828655242919922 0.2814218139648437 0.8111101531982422 0.27979642868041993 0.8102796173095703 0.7669449615478515
6 0.9591741943359375 0.7549823760986328 0.9600312805175781 0.27791845321655273 0.8911681365966797 0.2762747764587402 0.8903110504150391 0.7533386993408203
