22 0.19022212982177733 0.7340850067138672 0.19065780639648439 0.2802215576171875 0.11295608520507812 0.27937559127807615 0.11252040863037109 0.7332390594482422
17 0.2774006652832031 0.7343950653076172 0.2779228401184082 0.29196527481079104 0.20146358489990235 0.2909419631958008 0.20094141006469726 0.7333717346191406
0 0.3612010955810547 0.7356713104248047 0.36148456573486326 0.2908458709716797 0.28945068359375 0.29032527923583984 0.28916723251342774 0.7351507568359374
2 0.44534576416015625 0.7466026306152344 0.44538665771484376 0.2949932289123535 0.37431343078613283 0.2949201965332031 0.37427249908447263 0.7465296173095703
15 0.5333468246459961 0.7410192108154297 0.5334748458862305 0.2854707527160645 0.45729171752929687 0.28522798538208005 0.45716373443603514 0.7407764434814453
27 0.6128132247924805 0.7453653717041016 0.6134508895874023 0.29685043334960937 0.5409346771240234 0.29568115234375 0.5402970123291015 0.7441960906982422
5 0.7014508056640625 0.7432595825195313 0.7019058990478516 0.28820138931274414 0.6250040054321289 0.28732904434204104 0.6245489120483398 0.7423872375488281
6 0.7817406463623047 0.7459466552734375 0.7817670440673828 0.3082693481445313 0.7113499450683594 0.3082210922241211 0.7113235473632813 0.7458984375
3 0.8634436798095703 0.7519126892089844 0.864490737915039 0.3155988693237305 0.7946131134033203 0.3136970329284668 0.7935660552978515 0.7500109100341796
0 0.948793716430664 0.7552227783203125 0.9494974517822266 0.3265831756591797 0.8784745025634766 0.32526073455810545 0.877770767211914 0.7539002990722656
