22 0.20625295639038085 0.7101167297363281 0.20742876052856446 0.21622676849365235 0.12622855186462403 0.21384679794311523 0.12505273818969725 0.70773681640625
17 0.2932840347290039 0.7182535552978515 0.2943879127502441 0.22081384658813477 0.21197221755981446 0.21856216430664063 0.21086832046508788 0.7160018157958984
0 0.37956382751464846 0.7199288940429688 0.3804969787597656 0.2444925308227539 0.3020167350769043 0.2425961685180664 0.30108362197875976 0.7180326080322266
3 0.46529388427734375 0.7424871063232422 0.46623863220214845 0.23909217834472657 0.38830879211425784 0.2372915840148926 0.38736404418945314 0.7406864929199218
14 0.5519426345825196 0.74298583984375 0.5530234146118164 0.2432050895690918 0.4750390625 0.24112895965576173 0.4739583587646484 0.7409097290039063
27 0.6355962753295898 0.7493895721435547 0.6366982269287109 0.24732086181640625 0.5585802841186523 0.24520992279052733 0.5574782943725586 0.7472785949707031
5 0.7243445587158203 0.753496322631836 0.7252787017822265 0.24396554946899415 0.6412926483154296 0.2420698356628418 0.6403585052490235 0.7516005706787109
1 0.805965576171875 0.7707218933105469 0.806651611328125 0.2654782485961914 0.7386624145507813 0.2643416786193848 0.7379763793945312 0.7695853424072265
7 0.8920337677001953 0.76444091796875 0.8932622528076172 0.26987251281738284 0.8156880950927734 0.2675002479553223 0.8144596099853516 0.7620686340332031
8 0.9801311492919922 0.7702963256835937 0.981207504272461 0.29918188095092774 0.9020211029052735 0.2969546318054199 0.9009447479248047 0.768069076538086
