22 0.031560890674591065 0.7749656677246094 0.1317299461364746 0.7689208221435547 0.13025158882141114 0.4211337280273437 0.030082540512084963 0.42717857360839845
17 0.20892568588256835 0.7414694976806641 0.20917078018188476 0.42603939056396484 0.13310925483703615 0.4252002716064453 0.13286415100097657 0.7406304168701172
0 0.3047422218322754 0.7527091217041015 0.3048952293395996 0.4206403732299805 0.2339082717895508 0.42017593383789065 0.23375526428222657 0.7522446441650391
3 0.37224422454833983 0.7561637878417968 0.3727778244018555 0.4238533782958984 0.3064720916748047 0.42234195709228517 0.30593849182128907 0.7546524047851563
13 0.47439910888671877 0.7631755828857422 0.47458610534667967 0.43132427215576175 0.40000316619873044 0.4307275390625 0.39981616973876954 0.7625788116455078
20 0.5437319946289062 0.7562593841552734 0.5441986846923829 0.4364837646484375 0.4756458282470703 0.43506359100341796 0.4751792144775391 0.7548392486572265
0 0.5693844985961914 0.7982698059082032 0.6743281555175781 0.7959980010986328 0.6737049102783204 0.38726493835449216 0.5687612915039062 0.38953670501708987
1 0.7438643646240234 0.7793062591552734 0.744510269165039 0.40455730438232423 0.6859340667724609 0.403123779296875 0.6852881622314453 0.7778726959228516
6 0.7587284851074219 0.8008336639404297 0.856819076538086 0.7988318634033204 0.856235122680664 0.3925704193115234 0.75814453125 0.39457221984863283
5 0.8664710998535157 0.81795654296875 0.9688996887207031 0.8169347381591797 0.9685961151123047 0.3848977279663086 0.8661675262451172 0.3859196090698242
