22 0.14412999153137207 0.7283599090576172 0.22883167266845703 0.7282492065429688 0.22877969741821289 0.25475761413574216 0.14407801628112793 0.254868278503418
17 0.31333080291748044 0.7276209259033203 0.3136196708679199 0.2644926071166992 0.23118896484375 0.26388078689575195 0.23090009689331054 0.7270091247558593
0 0.39722740173339843 0.7249155426025391 0.3976664352416992 0.26554203033447266 0.3182441902160644 0.2646388626098633 0.31780517578125 0.7240123748779297
1 0.46298301696777344 0.7289905548095703 0.4634030151367188 0.263336124420166 0.4059701919555664 0.26271968841552734 0.4055501174926758 0.7283740997314453
13 0.5453442764282227 0.7277943420410157 0.5464213562011718 0.2547080612182617 0.4670158004760742 0.2525569725036621 0.46593875885009767 0.725643310546875
29 0.6294258880615234 0.7244689178466797 0.6302001571655274 0.24979246139526368 0.5540087890625 0.2483137321472168 0.553234519958496 0.7229901885986328
3 0.70896240234375 0.7213469696044922 0.709445571899414 0.26238256454467773 0.6348030090332031 0.2614476776123047 0.6343199157714844 0.7204120635986329
6 0.7898268127441406 0.7113710021972657 0.7899790954589844 0.26256891250610354 0.7157741546630859 0.26226924896240233 0.7156217956542968 0.7110713195800781
2 0.8718753051757813 0.7240702056884766 0.8723186492919922 0.25928688049316406 0.7964137268066406 0.2584254455566406 0.7959703826904296 0.7232086944580078
8 0.9490127563476562 0.7185131072998047 0.9498823547363281 0.26333946228027344 0.8778107452392578 0.26170101165771487 0.8769412231445313 0.7168746185302735
