22 0.2066652297973633 0.788989028930664 0.20775880813598632 0.28946096420288087 0.12986627578735352 0.28721445083618163 0.12877268791198732 0.7867424774169922
17 0.29242902755737304 0.7854132080078124 0.2926321601867676 0.2930703544616699 0.21590639114379884 0.2926532936096191 0.2157032585144043 0.7849961853027344
0 0.3765807342529297 0.7804444122314453 0.3768169021606445 0.3011263084411621 0.3031797409057617 0.3006483840942383 0.3029435920715332 0.7799665069580078
3 0.45988361358642577 0.7833213043212891 0.460841064453125 0.29648393630981446 0.3894692993164062 0.29463470458984375 0.38851184844970704 0.7814720916748047
12 0.5449275970458984 0.7820455169677735 0.5459284210205078 0.2975161933898926 0.4743783950805664 0.29556909561157224 0.473377571105957 0.7800983428955078
22 0.6311168670654297 0.7753739166259765 0.6315617370605469 0.28900646209716796 0.5561652755737305 0.28809791564941406 0.5557204055786132 0.7744654083251953
9 0.7091777801513672 0.7752232360839844 0.7098283386230468 0.2975141906738281 0.6401779174804687 0.29626468658447264 0.6395273971557617 0.7739736938476562
6 0.793678970336914 0.76491455078125 0.79390625 0.2814150810241699 0.723143310546875 0.28097681045532225 0.7229159545898437 0.764476318359375
1 0.8648567962646484 0.7614553833007812 0.8654480743408203 0.26499233245849607 0.8161872863769531 0.26421939849853515 0.8155960083007813 0.7606824493408203
1 0.9430119323730469 0.7463172912597656 0.9437069702148437 0.2558281326293945 0.8945771789550782 0.25491090774536135 0.8938821411132812 0.7454000091552735
