22 0.13210036277770995 0.7632400512695312 0.2088100242614746 0.7631369018554688 0.2087556838989258 0.2751165390014648 0.13204601287841797 0.2752197074890137
17 0.2934407615661621 0.7671173095703125 0.29373050689697267 0.28001573562622073 0.21781970977783202 0.2794703483581543 0.2175299644470215 0.7665719604492187
0 0.3782843780517578 0.755997314453125 0.3785421371459961 0.28476720809936523 0.3052956199645996 0.2842833137512207 0.3050378799438477 0.7555134582519532
1 0.45731922149658205 0.7842315673828125 0.45763317108154294 0.2896995544433594 0.40309963226318357 0.2892814254760742 0.4027856826782227 0.7838134002685547
14 0.552824478149414 0.7836672973632812 0.5530453491210937 0.2831026268005371 0.472896614074707 0.2826756286621094 0.47267578125 0.7832403564453125
31 0.633045654296875 0.7752098083496094 0.6339850997924805 0.2930232048034668 0.5644999694824219 0.29138813018798826 0.563560562133789 0.7735746765136718
5 0.7215640258789062 0.7846697235107422 0.7218805694580078 0.29732126235961914 0.6450344085693359 0.29671842575073243 0.6447178649902344 0.7840668487548829
4 0.7985848236083984 0.7920661163330078 0.7995172119140626 0.30947122573852537 0.7312446594238281 0.30787805557250975 0.7303122711181641 0.7904729461669922
0 0.8880826568603516 0.7885556030273437 0.8883248901367188 0.32464855194091796 0.8167475128173828 0.3241970443725586 0.8165052032470703 0.7881040954589844
5 0.9748537445068359 0.8014470672607422 0.9753863525390625 0.31774166107177737 0.8996166229248047 0.3167339515686035 0.8990840148925782 0.8004393005371093
