22 0.13930829048156737 0.7558139801025391 0.2124818420410156 0.7555889129638672 0.2123557472229004 0.32372753143310545 0.13918219566345214 0.32395267486572266
17 0.2953661918640137 0.7596810150146485 0.295772590637207 0.3264987182617187 0.22193870544433594 0.32576862335205076 0.2215322494506836 0.7589509582519531
0 0.3755161666870117 0.7556745147705078 0.3760639953613281 0.33117740631103515 0.3093471145629883 0.3302700805664063 0.3087993049621582 0.7547671508789062
2 0.46135562896728516 0.7638551330566407 0.46158054351806643 0.32980827331542967 0.38979164123535154 0.32941619873046873 0.3895666885375977 0.7634630584716797
15 0.5512244033813477 0.7711994934082032 0.5520855712890625 0.32021156311035154 0.4733032989501953 0.31862607955932615 0.47244216918945314 0.7696140289306641
28 0.6295350265502929 0.7624005889892578 0.6305989074707031 0.33466609954833987 0.5601042556762695 0.33281822204589845 0.5590403747558593 0.7605526733398438
5 0.7160051727294922 0.7636556243896484 0.7168222808837891 0.3200192642211914 0.6413782501220703 0.3185547637939453 0.6405610656738281 0.7621910858154297
7 0.7952376556396484 0.7670164489746094 0.7957508850097657 0.327943115234375 0.7241333770751953 0.3270608901977539 0.7236201477050781 0.7661341857910157
8 0.8766921997070313 0.7640262603759765 0.8770555114746094 0.34635440826416014 0.8087863159179688 0.3457283401489258 0.8084230041503906 0.7634001922607422
6 0.9585272216796875 0.7687239074707031 0.9588123321533203 0.3457833480834961 0.8935152435302735 0.3453194046020508 0.8932300567626953 0.7682599639892578
