22 0.21250419616699218 0.7465141296386719 0.21343589782714845 0.19802839279174805 0.13682352066040038 0.1958818817138672 0.13589179992675782 0.74436767578125
17 0.2975012397766113 0.7493063354492188 0.2979701805114746 0.21062158584594726 0.2191152572631836 0.20948938369750977 0.21864627838134765 0.7481742095947266
0 0.38104198455810545 0.7470851135253906 0.3814350509643555 0.21529104232788085 0.30588813781738283 0.21437015533447265 0.3054951095581055 0.7461641693115234
1 0.4466454696655273 0.7573638916015625 0.44713233947753905 0.22708255767822266 0.39566890716552733 0.22630319595336915 0.39518199920654296 0.75658447265625
14 0.5378970336914063 0.7757695770263672 0.5382935333251954 0.2170682144165039 0.4579262542724609 0.2161274528503418 0.45752975463867185 0.774828872680664
31 0.6172392272949219 0.7660921478271484 0.6180909729003906 0.23301441192626954 0.546748161315918 0.23113422393798827 0.5458964538574219 0.7642119598388671
6 0.702451400756836 0.7717926788330078 0.7025347900390625 0.24040622711181642 0.6287410354614258 0.24021511077880858 0.6286575698852539 0.7716016387939453
3 0.7843373870849609 0.7817918395996094 0.7853450775146484 0.241165714263916 0.7125344848632813 0.23892709732055664 0.7115267181396484 0.77955322265625
5 0.8692222595214844 0.7859947967529297 0.8696392822265625 0.23232952117919922 0.7931127166748047 0.23137905120849608 0.7926956939697266 0.7850443267822266
9 0.9515280151367187 0.7920433044433594 0.9520854949951172 0.2547715950012207 0.8792684936523437 0.2535256767272949 0.8787110900878906 0.7907973480224609
