22 0.2101561737060547 0.7776986694335938 0.21112308502197266 0.2760746765136719 0.12991883277893065 0.27404600143432617 0.1289518928527832 0.7756700134277343
17 0.29628414154052735 0.777931900024414 0.29705348968505857 0.280821533203125 0.21834003448486328 0.27924278259277346 0.21757070541381837 0.7763530731201171
0 0.3827567672729492 0.7757032012939453 0.38296817779541015 0.2943418884277344 0.3058630561828613 0.2939029312133789 0.3056516265869141 0.7752642059326171
3 0.46833152770996095 0.7837671661376953 0.4684579849243164 0.29373247146606446 0.39369354248046873 0.2934823417663574 0.3935670852661133 0.7835170745849609
14 0.5586286926269531 0.7890837097167969 0.5586996841430664 0.28030590057373045 0.47685943603515624 0.28015789031982424 0.47678844451904295 0.7889356994628907
27 0.6418770599365234 0.7973585510253907 0.642544174194336 0.3017646598815918 0.5640561676025391 0.30039533615112307 0.5633889389038086 0.7959892272949218
5 0.733221435546875 0.7960487365722656 0.7333765411376953 0.297366943359375 0.6503445434570313 0.29703214645385745 0.650189437866211 0.7957139587402344
1 0.7970947265625 0.8017499542236328 0.7971053314208985 0.30567068099975586 0.7450382232666015 0.30565616607666013 0.7450276184082031 0.8017354583740235
8 0.8814853668212891 0.7933413696289062 0.8817567443847656 0.3173318290710449 0.8094196319580078 0.3167971420288086 0.8091482543945312 0.7928066253662109
8 0.9680211639404297 0.7978453063964843 0.9683351135253906 0.32382194519042967 0.8948535919189453 0.3231911087036133 0.8945396423339844 0.7972145080566406
