22 0.18981576919555665 0.7538143157958984 0.19020071029663085 0.2831446266174316 0.11429222106933594 0.2824311828613281 0.11390727996826172 0.7531008911132813
17 0.2783569145202637 0.7439787292480469 0.2789846611022949 0.27677921295166014 0.20149669647216797 0.2755827522277832 0.20086891174316407 0.7427822113037109
0 0.36094261169433595 0.7384130096435547 0.3611328125 0.2989609146118164 0.28895929336547854 0.2986019515991211 0.28876907348632813 0.7380539703369141
4 0.44370235443115236 0.7457770538330079 0.4439664840698242 0.29637941360473635 0.37479099273681643 0.2959122085571289 0.37452686309814454 0.7453099060058593
22 0.535629997253418 0.7516680908203125 0.5361345291137696 0.29739315032958985 0.4600031661987305 0.2964214897155762 0.4594986343383789 0.7506964874267578
10 0.6102074813842774 0.744012451171875 0.6114208602905273 0.30359569549560544 0.5467304992675781 0.3015476417541504 0.5455171585083007 0.7419644927978516
0 0.7020100402832031 0.7434893798828125 0.7023214721679687 0.30404754638671877 0.6315948486328125 0.303471622467041 0.6312834167480469 0.7429135131835938
5 0.7886479187011719 0.7440692138671875 0.7888728332519531 0.2967937278747559 0.7145191955566407 0.29636404037475583 0.7142942810058593 0.7436395263671876
8 0.8677861022949219 0.7376724243164062 0.8686517333984375 0.3136564826965332 0.8004830932617187 0.31205718994140624 0.7996174621582032 0.7360732269287109
4 0.9505738830566406 0.741287841796875 0.9511520385742187 0.309385929107666 0.8825852966308594 0.308331184387207 0.8820071411132813 0.7402330780029297
