22 0.22733753204345702 0.7742349243164063 0.22851436614990234 0.31108097076416014 0.151689510345459 0.30906641006469726 0.15051267623901368 0.772220458984375
17 0.31254207611083984 0.765623779296875 0.31345495223999026 0.2984511566162109 0.2333781051635742 0.2968364143371582 0.2324652862548828 0.764009017944336
0 0.3944398498535156 0.7577188873291015 0.39548866271972655 0.3019801330566406 0.31980743408203127 0.30018264770507813 0.3187586402893066 0.7559213256835937
1 0.473682861328125 0.7484537506103516 0.4744527816772461 0.2962873649597168 0.4072032165527344 0.2951056671142578 0.4064332962036133 0.7472720336914063
14 0.5592161941528321 0.7475685119628906 0.560029525756836 0.29456319808959963 0.4850593948364258 0.2931740951538086 0.4842461395263672 0.7461794281005859
11 0.6403141021728516 0.7485167694091797 0.641421890258789 0.2908338928222656 0.5671086120605469 0.28897756576538086 0.5660008621215821 0.746660385131836
1 0.7174678802490234 0.7385371398925781 0.7182386779785156 0.28197986602783204 0.6554764556884766 0.280886287689209 0.6547056579589844 0.7374435424804687
6 0.799503173828125 0.7327494049072265 0.8002437591552735 0.2813585662841797 0.7311972808837891 0.28018936157226565 0.7304566955566406 0.7315802001953124
3 0.8810227203369141 0.7353289794921875 0.8818672943115234 0.27749242782592776 0.8085950469970703 0.2760976791381836 0.8077505493164062 0.7339342498779297
1 0.9623489379882812 0.7285380554199219 0.963337173461914 0.27036821365356445 0.8974833679199219 0.2689023399353027 0.8964951324462891 0.7270721435546875
