22 0.19749881744384765 0.7459030151367188 0.19847431182861328 0.2502890205383301 0.1150913429260254 0.2483918571472168 0.11411585807800292 0.7440058898925781
17 0.28699440002441406 0.7500906372070313 0.2879442596435547 0.2533155632019043 0.20327428817749024 0.2514441299438477 0.20232442855834962 0.7482192230224609
0 0.37168666839599607 0.7359426879882812 0.3729627227783203 0.2691127014160156 0.2959215545654297 0.26667829513549807 0.29464551925659177 0.7335082244873047
1 0.455181770324707 0.7403959655761718 0.4561515045166016 0.25740474700927735 0.38916664123535155 0.25585006713867187 0.38819686889648436 0.7388413238525391
15 0.5429626083374024 0.7414195251464843 0.5443849563598633 0.26333280563354494 0.4671675872802734 0.26067724227905276 0.46574527740478516 0.7387640380859375
11 0.6330501556396484 0.7567487335205079 0.6342319107055664 0.2776749420166016 0.5556346893310546 0.2754336357116699 0.5544528961181641 0.7545074462890625
0 0.7187869262695312 0.7345055389404297 0.7198713684082031 0.2905267143249512 0.6458354949951172 0.2884363555908203 0.6447510528564453 0.7324151611328125
3 0.8049298858642578 0.7610725402832031 0.8060440063476563 0.2903766250610352 0.7285623168945312 0.2882564735412598 0.7274481201171875 0.7589524078369141
1 0.8864651489257812 0.7739523315429687 0.8874147033691406 0.2883111000061035 0.8254673767089844 0.28691104888916014 0.824517822265625 0.7725523376464843
3 0.9754756164550781 0.7822952270507812 0.9765298461914063 0.29222280502319337 0.8976358795166015 0.2902608299255371 0.8965816497802734 0.780333251953125
