22 0.12834379196166992 0.7699993896484375 0.20856962203979493 0.7696133422851562 0.20837896347045898 0.28789344787597654 0.12815314292907715 0.28827949523925783
17 0.2916844749450684 0.7745760345458984 0.2921591377258301 0.29843881607055667 0.2139362144470215 0.29749063491821287 0.21346158981323243 0.7736278533935547
0 0.3751648330688477 0.7721003723144532 0.3757833099365234 0.3084206008911133 0.2998719787597656 0.3071892166137695 0.2992535018920898 0.7708689880371093
1 0.44342670440673826 0.7922127532958985 0.44427387237548827 0.30825883865356446 0.38590465545654296 0.3070163154602051 0.3850574493408203 0.7909702301025391
13 0.526347885131836 0.7930854797363281 0.5274105072021484 0.30841789245605467 0.4488417816162109 0.3063231086730957 0.4477791595458984 0.7909906768798828
25 0.6101884078979493 0.8310321807861328 0.611279296875 0.32129833221435544 0.530069580078125 0.3191848945617676 0.5289786911010742 0.8289187622070312
4 0.691128158569336 0.8133116912841797 0.6924433898925781 0.33048171997070314 0.6159554672241211 0.3279479217529297 0.6146401596069336 0.810777816772461
8 0.7754644012451172 0.8041386413574219 0.7760807037353515 0.352833251953125 0.7026273345947266 0.35161346435546875 0.7020110321044922 0.8029188537597656
3 0.8630718994140625 0.8167301940917969 0.8636994171142578 0.3574386978149414 0.7868157196044921 0.35616134643554687 0.7861882019042968 0.815452880859375
6 0.9460958862304687 0.8228611755371094 0.9464466094970703 0.3658029556274414 0.8712013244628907 0.36510066986083983 0.8708505249023437 0.8221589660644532
