22 0.2241446304321289 0.7558321380615234 0.2243022346496582 0.29985374450683594 0.14507156372070312 0.29952943801879883 0.144913969039917 0.7555078125
17 0.30618772506713865 0.7537250518798828 0.30703521728515626 0.30965360641479495 0.23037296295166015 0.30792076110839844 0.22952548980712892 0.7519921875
0 0.38832897186279297 0.7521434783935547 0.388975830078125 0.3069325637817383 0.31484428405761716 0.3056568717956543 0.31419742584228516 0.750867691040039
1 0.45352729797363284 0.7536744689941406 0.4537920761108398 0.29651514053344724 0.40172119140625 0.2961579322814941 0.4014564514160156 0.7533172607421875
13 0.5370480346679688 0.7529293823242188 0.5371903610229493 0.2942167282104492 0.4619704055786133 0.29394018173217773 0.46182804107666015 0.752652816772461
11 0.6178552627563476 0.7539698028564453 0.6184099960327148 0.3034674263000488 0.5444562530517578 0.302388916015625 0.5439015197753906 0.7528912353515625
2 0.698958740234375 0.7586946868896485 0.6992636108398438 0.31039804458618164 0.6253640747070313 0.3098028564453125 0.6250592422485352 0.7580995178222656
4 0.780951919555664 0.7707719421386718 0.7819304656982422 0.3047349166870117 0.706708984375 0.30286413192749023 0.7057304382324219 0.7689011383056641
1 0.8455326843261719 0.756153335571289 0.8459560394287109 0.30137804031372073 0.7939183807373047 0.30080434799194333 0.7934950256347656 0.7555796813964843
4 0.9306901550292969 0.77440673828125 0.931336898803711 0.30051698684692385 0.8536198425292969 0.2992607307434082 0.8529731750488281 0.7731504821777344
