22 0.23784141540527343 0.8455208587646484 0.23964271545410157 0.304510326385498 0.1507991695404053 0.30129179000854495 0.14899786949157715 0.8423023223876953
17 0.333166618347168 0.825243911743164 0.334486198425293 0.2830420112609863 0.2476367950439453 0.2807420539855957 0.24631719589233397 0.8229439544677735
0 0.43035064697265624 0.8004546356201172 0.4315556716918945 0.2813563346862793 0.3439120864868164 0.2791425323486328 0.34270706176757815 0.7982408142089844
2 0.519529037475586 0.7909165954589844 0.5210855102539063 0.270340690612793 0.43855968475341794 0.2676559638977051 0.43700321197509767 0.7882318115234375
15 0.6185494232177734 0.7638452911376953 0.6207981109619141 0.22776695251464843 0.5320046615600585 0.2237143898010254 0.5297560119628906 0.759792709350586
30 0.7100670623779297 0.7226604461669922 0.711694107055664 0.21639616012573243 0.6240893173217773 0.21333251953125 0.622462158203125 0.7195968627929688
6 0.7948847198486328 0.7085313415527343 0.7965313720703125 0.219078369140625 0.7165709686279297 0.21615133285522461 0.71492431640625 0.7056043243408203
0 0.88132568359375 0.69325927734375 0.8827625274658203 0.21206611633300781 0.7995208740234375 0.2093614959716797 0.7980841064453125 0.6905546569824219
8 0.9691094207763672 0.6792063903808594 0.9709568023681641 0.17907953262329102 0.8878267669677734 0.17573843002319336 0.8859793853759765 0.6758653259277344
3 0.998573989868164 0.6708027648925782 0.9997766876220703 0.15430471420288086 0.9755149841308594 0.1536899662017822 0.9743122100830078 0.67018798828125
