22 0.26090005874633787 0.7668668365478516 0.2614181137084961 0.3321125030517578 0.1699955177307129 0.3313434982299805 0.1694774627685547 0.7660978698730468
17 0.3538716506958008 0.7448322296142578 0.3552262496948242 0.3208823394775391 0.26847938537597654 0.3189258575439453 0.2671247673034668 0.7428757476806641
0 0.44984840393066405 0.7239825439453125 0.45044178009033203 0.3068045043945313 0.36575462341308596 0.3059542465209961 0.365161247253418 0.7231322479248047
2 0.543611717224121 0.7127297973632812 0.5443118667602539 0.296534423828125 0.4579399871826172 0.2955088233947754 0.45723983764648435 0.7117042541503906
15 0.6432508087158203 0.6929283905029296 0.6443567657470703 0.26749553680419924 0.5523945236206055 0.2658079528808594 0.5512884902954102 0.6912407684326172
33 0.732328872680664 0.6721383666992188 0.7335164642333984 0.2546435546875 0.6453227996826172 0.25287282943725586 0.6441352844238282 0.6703676605224609
1 0.8002925872802734 0.6517044067382812 0.8007772064208984 0.2390228843688965 0.7452048492431641 0.2385622215270996 0.7447203063964843 0.6512437438964844
5 0.893070068359375 0.6337789154052734 0.8937353515625 0.21826431274414063 0.8088539123535157 0.21730501174926758 0.808188705444336 0.6328196716308594
1 0.9649233245849609 0.6208444976806641 0.9658351898193359 0.21000158309936523 0.9071181488037109 0.20908172607421874 0.906206283569336 0.6199246215820312
3 0.9985562896728516 0.6133864974975586 0.9993403625488281 0.20872671127319337 0.9699983215332031 0.20832548141479493 0.9692142486572266 0.6129853057861329
