22 0.20694360733032227 0.7223790740966797 0.20808958053588866 0.2286583137512207 0.12824138641357422 0.22652860641479491 0.12709540367126465 0.7202493286132813
17 0.2942249488830566 0.738664779663086 0.2955012321472168 0.22997425079345704 0.21205141067504882 0.22756841659545898 0.21077512741088866 0.7362589263916015
0 0.37611549377441406 0.724895248413086 0.3771588897705078 0.26277109146118166 0.30132665634155276 0.26080366134643557 0.300283260345459 0.7229277801513672
3 0.46096416473388674 0.7356350708007813 0.46197101593017575 0.2699919319152832 0.38611942291259765 0.26810731887817385 0.3851125717163086 0.7337503814697266
14 0.5480628204345703 0.7401996612548828 0.5491403198242187 0.2572675895690918 0.47108882904052735 0.2552663421630859 0.4700112533569336 0.7381983947753906
27 0.6322927474975586 0.7490167999267578 0.6332148742675782 0.2669935607910156 0.5553469848632813 0.26528177261352537 0.5544247436523437 0.7473050689697266
5 0.7195990753173828 0.7446275329589844 0.720457534790039 0.2739960479736328 0.6376054763793946 0.27225948333740235 0.636747055053711 0.7428909301757812
1 0.7999248504638672 0.758801498413086 0.8009146881103516 0.2727093315124512 0.7314620208740235 0.271084156036377 0.730472183227539 0.7571763610839843
7 0.886874771118164 0.7530085754394531 0.8877750396728515 0.29241186141967773 0.8092769622802735 0.29064897537231443 0.808376693725586 0.7512457275390625
8 0.9710234832763672 0.7642014312744141 0.9721230316162109 0.3127351379394531 0.8950279998779297 0.3105777168273926 0.893928451538086 0.7620439147949218
