22 0.22455047607421874 0.8600215911865234 0.22534881591796874 0.36353729248046873 0.13888369560241698 0.3617569351196289 0.13808539390563965 0.8582412719726562
17 0.3073065948486328 0.8349131774902344 0.30852058410644534 0.34219669342041015 0.22876651763916014 0.3396802520751953 0.22755250930786133 0.8323967742919922
0 0.39485984802246094 0.8219024658203125 0.3958710098266602 0.3432482147216797 0.3168448257446289 0.34111034393310546 0.31583362579345703 0.8197645568847656
4 0.476026725769043 0.8170167541503907 0.4774411392211914 0.31512620925903323 0.40143184661865233 0.3123832893371582 0.40001747131347654 0.8142739105224609
22 0.5682696533203125 0.7983968353271484 0.5692832946777344 0.30832326889038086 0.4890714645385742 0.30619863510131834 0.4880578231811523 0.796272201538086
10 0.6462335968017578 0.7806146240234375 0.6475498962402344 0.3058421897888184 0.5768365097045899 0.30333168029785157 0.5755202865600586 0.7781040954589844
9 0.7334905242919922 0.7631597900390625 0.7342425537109375 0.28986907958984376 0.6599989318847657 0.28835851669311524 0.659246826171875 0.7616492462158203
7 0.8185219573974609 0.7517839050292969 0.8190680694580078 0.26279434204101565 0.7428680419921875 0.2617045974731445 0.7423219299316406 0.7506941223144531
0 0.8936504364013672 0.7432772827148437 0.8946999359130859 0.28303035736083987 0.8231742858886719 0.28094179153442383 0.8221248626708985 0.741188735961914
6 0.8937158203125 0.7402822875976562 0.89438720703125 0.28631982803344724 0.8234190368652343 0.28497562408447263 0.8227476501464843 0.7389380645751953
