22 0.22234447479248046 0.7457908630371094 0.22251224517822266 0.25132673263549804 0.14180417060852052 0.2509774208068848 0.14163639068603515 0.7454415893554688
17 0.3067150497436523 0.742642593383789 0.30772891998291013 0.2616114044189453 0.22869842529296874 0.2594868278503418 0.22768455505371094 0.7405180358886718
0 0.3916678619384766 0.7412422943115234 0.39206436157226565 0.26746315002441406 0.315036678314209 0.26664087295532224 0.3146401977539062 0.7404199981689453
1 0.4597134017944336 0.7448032379150391 0.4602534866333008 0.2627663040161133 0.4064794540405273 0.26199785232543943 0.4059393692016602 0.7440347290039062
14 0.5488774871826172 0.753966064453125 0.5492791366577149 0.25199825286865235 0.4673779296875 0.2511623573303223 0.4669762420654297 0.7531302642822265
31 0.6296202087402344 0.7447904968261718 0.630382308959961 0.26027986526489255 0.5589081192016602 0.25884586334228515 0.5581459808349609 0.7433565521240234
7 0.7120027923583985 0.7462705993652343 0.7126078033447265 0.2567434883117676 0.6365726470947266 0.25554492950439456 0.6359677124023437 0.745072021484375
4 0.7961369323730468 0.7484587860107422 0.7968492126464843 0.2597065544128418 0.7171636962890625 0.2582254981994629 0.716451416015625 0.7469777679443359
4 0.8765226745605469 0.7519293212890625 0.8779229736328125 0.25875606536865237 0.8014810180664063 0.255987548828125 0.8000807189941406 0.7491608428955078
9 0.9593190765380859 0.7390045928955078 0.9597571563720703 0.2633681297302246 0.8860314178466797 0.26250204086303713 0.8855933380126954 0.7381385803222656
