22 0.21756523132324218 0.7930606842041016 0.21789827346801757 0.2778274917602539 0.13920278549194337 0.2771034812927246 0.1388697624206543 0.7923367309570313
17 0.30293155670166017 0.8033745574951172 0.30361202239990237 0.2858982467651367 0.22339040756225587 0.2843967056274414 0.22270994186401366 0.8018730163574219
0 0.38196453094482424 0.7986436462402344 0.3824233245849609 0.2989083862304687 0.3102735900878906 0.2979656410217285 0.30981481552124024 0.7977008819580078
3 0.4648077392578125 0.8050339508056641 0.4650613784790039 0.298216381072998 0.39294933319091796 0.29770288467407224 0.3926957321166992 0.8045204162597657
13 0.5452749252319335 0.8046205902099609 0.5463505935668945 0.2909782600402832 0.47262336730957033 0.2887807273864746 0.47154769897460935 0.802423095703125
30 0.6322671890258789 0.8018257141113281 0.6335208892822266 0.29916091918945314 0.5552979278564453 0.29638391494750976 0.554044189453125 0.7990486907958985
6 0.7030827331542969 0.8008871459960938 0.7035311126708984 0.31478521347045896 0.6391851425170898 0.3139404296875 0.6387368011474609 0.8000424194335938
3 0.7878009033203125 0.8067699432373047 0.7882830810546875 0.3105062484741211 0.7171021270751953 0.30952178955078125 0.716619873046875 0.8057855987548828
1 0.8605833435058594 0.8068737030029297 0.8611608123779297 0.2998755264282227 0.8047129058837891 0.2989606285095215 0.8041354370117187 0.8059587860107422
6 0.9402914428710938 0.7905891418457032 0.9409641265869141 0.29431718826293946 0.8694437408447265 0.29293731689453123 0.8687710571289062 0.7892092895507813
