22 0.2037504768371582 0.8012290954589844 0.20390619277954103 0.3016816139221191 0.12021496772766113 0.3013480567932129 0.12005922317504883 0.8008955383300781
17 0.29331748962402343 0.8045290374755859 0.294081916809082 0.3057627296447754 0.21192941665649415 0.30415307998657226 0.21116498947143555 0.8029194641113281
0 0.3824311828613281 0.7991177368164063 0.3827088928222656 0.30551698684692385 0.30291042327880857 0.3049431228637695 0.30263275146484375 0.7985440063476562
1 0.3982557678222656 0.7995172882080078 0.4518170928955078 0.7995095062255859 0.4518113708496094 0.29321252822875976 0.3982500457763672 0.29322031021118167
13 0.5412155532836914 0.7938749694824219 0.5417744064331055 0.2864734840393066 0.46121204376220704 0.2853390312194824 0.46065311431884765 0.7927405548095703
29 0.6284045028686523 0.7823638153076172 0.6293574142456054 0.27665842056274415 0.5537927627563477 0.27483808517456054 0.5528398895263672 0.7805435180664062
8 0.7093875122070312 0.7742312622070312 0.7098797607421875 0.28583765029907227 0.6362573623657226 0.28488880157470703 0.6357649612426758 0.7732823944091797
2 0.7926690673828125 0.7723873901367188 0.7927626037597656 0.2771343231201172 0.717938461303711 0.2769536590576172 0.7178450012207032 0.7722067260742187
2 0.8739484405517578 0.7552274322509765 0.874275894165039 0.27292335510253907 0.8000701904296875 0.272279224395752 0.7997427368164063 0.7545832061767578
3 0.9568621826171875 0.7380783081054687 0.957474365234375 0.2564724349975586 0.8836641693115235 0.25527324676513674 0.8830520629882812 0.7368791198730469
