22 0.20113857269287108 0.70385986328125 0.2012900924682617 0.180681209564209 0.1247714900970459 0.1803404235839844 0.12461997032165527 0.7035191345214844
17 0.284272289276123 0.7118019104003906 0.28535472869873046 0.19068609237670897 0.20964828491210938 0.18826765060424805 0.20856582641601562 0.7093833923339844
0 0.36730377197265623 0.7085709381103515 0.3675237274169922 0.19944097518920897 0.2951525115966797 0.1989600944519043 0.29493251800537107 0.7080900573730469
1 0.433487548828125 0.721701889038086 0.434033203125 0.2018592071533203 0.383836669921875 0.20104900360107422 0.383291015625 0.7208917236328125
14 0.5230715179443359 0.7397261047363282 0.5240134429931641 0.1978534698486328 0.44540626525878907 0.19575210571289062 0.44446434020996095 0.7376246643066406
31 0.604031639099121 0.7349249267578125 0.6047695922851563 0.21507755279541016 0.5364823150634765 0.21358667373657225 0.5357443237304688 0.7334339904785157
9 0.6851459503173828 0.7363209533691406 0.6856926727294922 0.22629981994628906 0.6160372924804688 0.2251514434814453 0.6154906082153321 0.7351725769042968
4 0.7673811340332031 0.7414042663574218 0.7681588745117187 0.2298116683959961 0.6985282897949219 0.22818361282348631 0.6977505493164062 0.7397761535644531
5 0.8542507934570313 0.7365861511230469 0.8545411682128906 0.21509531021118164 0.7793943786621094 0.21445175170898437 0.77910400390625 0.735942611694336
6 0.938841323852539 0.7519985961914063 0.9389652252197266 0.24425233840942384 0.8673096466064453 0.2439834976196289 0.8671857452392578 0.7517298126220703
