22 0.20148080825805664 0.7049037170410156 0.20166751861572266 0.25257991790771483 0.12334773063659668 0.2522163009643555 0.12316102027893067 0.7045401000976562
17 0.2823128128051758 0.7087895965576172 0.2832817649841309 0.25833480834960937 0.2073358154296875 0.2564972686767578 0.2063668441772461 0.7069520568847656
0 0.3648016357421875 0.7080635833740234 0.3651551055908203 0.27119346618652346 0.2913957595825195 0.2705221748352051 0.2910423278808594 0.7073923492431641
2 0.44676013946533205 0.7238729095458984 0.44711082458496093 0.27722337722778323 0.37382949829101564 0.2765762710571289 0.3734788513183594 0.7232258605957032
16 0.5310879516601562 0.7194902038574219 0.5317308807373047 0.2801769065856934 0.45834545135498045 0.27896875381469727 0.4577024459838867 0.7182820892333984
17 0.6140558624267578 0.7203504180908203 0.6148931503295898 0.2829176712036133 0.5396955108642578 0.2812985992431641 0.5388581848144531 0.7187313079833985
6 0.6950901031494141 0.7279608917236328 0.6951084899902343 0.2893945503234863 0.6236355972290039 0.2893610954284668 0.6236172485351562 0.727927474975586
9 0.7773918914794922 0.7361334228515625 0.7775679016113282 0.2973764801025391 0.7054216766357422 0.2970511245727539 0.7052456665039063 0.73580810546875
9 0.8597789764404297 0.7398974609375 0.8599639892578125 0.3025115776062012 0.787423095703125 0.3021667289733887 0.7872381591796875 0.7395526885986328
7 0.942105484008789 0.7461466217041015 0.942278823852539 0.29559791564941407 0.8680023193359375 0.2952766418457031 0.8678290557861328 0.7458253479003907
