22 0.15643774032592772 0.7378290557861328 0.1570671844482422 0.3936586761474609 0.0919918155670166 0.39183563232421875 0.09136239051818848 0.7360060119628906
17 0.2245878219604492 0.7333802032470703 0.22472299575805665 0.39324562072753905 0.1615913963317871 0.3928614044189453 0.16145622253417968 0.7329959869384766
0 0.34784435272216796 0.7478766632080078 0.34851097106933593 0.4005938720703125 0.2876692199707031 0.398804931640625 0.28700260162353514 0.746087646484375
3 0.4124051284790039 0.7525092315673828 0.41307289123535157 0.3948228073120117 0.35318939208984373 0.39311038970947265 0.35252166748046876 0.7507968139648438
13 0.5419139862060547 0.7617330932617188 0.5424768829345703 0.41174041748046875 0.4811733245849609 0.41023006439208987 0.48061046600341795 0.7602227020263672
28 0.6099169158935547 0.7698480987548828 0.6105303955078125 0.41238033294677734 0.5494512939453124 0.41077461242675783 0.548837776184082 0.768242416381836
4 0.7293607330322266 0.7731890106201171 0.730072021484375 0.4180830764770508 0.6741619110107422 0.41636749267578127 0.6734506225585938 0.7714734649658204
9 0.7948503112792968 0.7713248443603515 0.7955239868164062 0.42838420867919924 0.7408658599853516 0.4267395782470703 0.7401921844482422 0.76968017578125
5 0.8595501708984375 0.7781171417236328 0.8602413177490235 0.4237550354003906 0.8008415985107422 0.42198055267333984 0.8001504516601563 0.7763426208496094
9 0.9200444793701172 0.7806932830810547 0.9207617950439453 0.44747936248779296 0.8652304840087891 0.445648193359375 0.8645130920410157 0.7788621520996094
