22 0.2199472427368164 0.7584516143798828 0.22103832244873048 0.2987476921081543 0.14130133628845215 0.29674869537353515 0.14021022796630858 0.7564525604248047
17 0.30596754074096677 0.7584182739257812 0.307095947265625 0.29768928527832034 0.22719697952270507 0.29562231063842775 0.22606857299804686 0.756351318359375
0 0.3911684799194336 0.7689898681640625 0.3922490692138672 0.3087368392944336 0.3120771598815918 0.3067486572265625 0.3109965705871582 0.767001724243164
1 0.47139511108398435 0.7728079223632812 0.47276790618896486 0.3071320915222168 0.40243919372558595 0.30494224548339843 0.4010663604736328 0.7706181335449219
14 0.5562141418457032 0.7699485015869141 0.5573276138305664 0.3007441520690918 0.4784845733642578 0.2987679481506348 0.47737113952636717 0.7679722595214844
32 0.6391536712646484 0.770657730102539 0.6407186889648437 0.30558195114135744 0.5618095397949219 0.3027771759033203 0.560244483947754 0.7678529357910157
7 0.7201411437988281 0.7716883087158203 0.7213343811035157 0.3088683128356934 0.6474324798583985 0.306855640411377 0.6462391662597656 0.7696755981445312
8 0.8056597900390625 0.7744857788085937 0.8067005920410156 0.32577823638916015 0.7284994506835938 0.32386226654052735 0.727458724975586 0.772569808959961
5 0.8930635070800781 0.7863278198242187 0.8941681671142578 0.31915176391601563 0.8115837860107422 0.3170891189575195 0.8104791259765625 0.7842652130126954
1 0.9670562044403705 0.7803576180148307 0.9712980651855468 0.3155686950683594 0.9041266632080078 0.3140288543701172 0.9062786802031844 0.7746617670864095
