22 0.19742399215698242 0.7587495422363282 0.19830408096313476 0.23186315536499025 0.1169952392578125 0.23013858795166015 0.11611515045166015 0.7570249938964844
17 0.2852650833129883 0.7620098114013671 0.2862613868713379 0.24681365966796875 0.20196205139160156 0.2447437286376953 0.2009657859802246 0.7599398803710937
0 0.36923225402832033 0.7435703277587891 0.36996414184570314 0.26760684967041015 0.293750114440918 0.26611867904663083 0.29301822662353516 0.7420822143554687
1 0.45137256622314453 0.7678246307373047 0.45258800506591795 0.24881532669067383 0.3866987609863281 0.2468560791015625 0.38548328399658205 0.7658654022216796
15 0.5415312576293946 0.7650022888183594 0.5429586029052734 0.2470940399169922 0.46545173645019533 0.24438173294067383 0.46402442932128907 0.7622900390625
11 0.6294991302490235 0.7657269287109375 0.6305863952636719 0.2567237091064453 0.5511691665649414 0.25456974029541013 0.5500818634033203 0.763572998046875
0 0.7134858703613282 0.7459815979003906 0.7145465087890625 0.27843347549438474 0.6401717376708984 0.2762911033630371 0.6391110992431641 0.7438391876220704
2 0.7978248596191406 0.7755854797363281 0.798810043334961 0.2779905128479004 0.7218506622314453 0.27605566024780276 0.7208654022216797 0.7736505889892578
5 0.8836928558349609 0.7761289215087891 0.8845647430419922 0.2714037322998047 0.80827392578125 0.2697304153442383 0.8074020385742188 0.7744556427001953
7 0.9664556121826172 0.7979396057128906 0.9677689361572266 0.27614805221557615 0.8903011322021485 0.27367225646972654 0.8889878082275391 0.7954637908935547
