22 0.20062013626098632 0.7737841796875 0.20079584121704103 0.26563009262084963 0.12681400299072265 0.2652658271789551 0.12663830757141115 0.7734198760986328
17 0.28538978576660157 0.7892694854736328 0.2863628578186035 0.27336124420166014 0.21123685836791992 0.2713433837890625 0.21026376724243165 0.7872516632080078
0 0.3682561492919922 0.778322982788086 0.36854019165039065 0.28520578384399414 0.29815244674682617 0.2846284484863281 0.29786842346191406 0.7777456665039062
1 0.39160545349121095 0.8017192840576172 0.448634033203125 0.8016301727294922 0.44857627868652344 0.27554616928100584 0.3915476989746094 0.2756353378295898
12 0.5382088851928711 0.794202880859375 0.5392244338989258 0.2886005401611328 0.4675253677368164 0.28654972076416013 0.4665098190307617 0.7921520233154297
26 0.6241981887817383 0.7960665130615234 0.6247936630249024 0.287559814453125 0.5528108596801757 0.28635961532592774 0.5522153854370118 0.7948663330078125
7 0.70691650390625 0.7893618011474609 0.7073220825195312 0.2797298812866211 0.6344499588012695 0.278903923034668 0.634044418334961 0.7885359191894531
2 0.7897016906738281 0.8061000061035156 0.7899974060058593 0.29975894927978514 0.7178097534179687 0.29915857315063477 0.7175140380859375 0.8054996490478515
9 0.8734088897705078 0.8021292114257812 0.8738828277587891 0.305238037109375 0.8058252716064453 0.30431371688842773 0.805351333618164 0.8012049102783203
2 0.9590296173095703 0.8163529968261719 0.9593946075439453 0.30698606491088865 0.8868024444580078 0.306245231628418 0.8864374542236328 0.8156121063232422
