22 0.17495063781738282 0.7783084869384765 0.17567256927490235 0.322281494140625 0.1015838623046875 0.32078544616699217 0.10086191177368165 0.776812515258789
17 0.2512904930114746 0.7826272583007813 0.25149974822998045 0.3349148178100586 0.17781044006347657 0.33447559356689455 0.17760120391845702 0.7821880340576172
0 0.3460288238525391 0.7706985473632812 0.3462249755859375 0.3459893035888672 0.2771191215515137 0.34558223724365233 0.27692296981811526 0.7702914428710937
1 0.40447063446044923 0.7748710632324218 0.404892692565918 0.33889122009277345 0.3551630020141602 0.3382772064208984 0.35474094390869143 0.7742570495605469
13 0.49454071044921877 0.7894739532470703 0.49477645874023435 0.3438554763793945 0.4277991485595703 0.3434035110473633 0.42756340026855466 0.7890220642089844
11 0.5626473236083984 0.7830245208740234 0.5634098815917968 0.3492103958129883 0.4982592010498047 0.3477496337890625 0.49749664306640623 0.781563720703125
2 0.6570635223388672 0.7876542663574219 0.6574608612060547 0.35806636810302733 0.5872059631347656 0.3572376251220703 0.5868087005615235 0.7868255615234375
8 0.7284764862060547 0.7787603759765624 0.7290041351318359 0.36159385681152345 0.6630428314208985 0.36052982330322264 0.6625151824951172 0.7776963043212891
8 0.8008024597167969 0.7852214813232422 0.8011386108398437 0.36154994964599607 0.73568603515625 0.3608877182006836 0.7353498840332031 0.7845592498779297
7 0.8747142791748047 0.7973065185546875 0.8751741790771485 0.35648746490478517 0.8051688385009765 0.3555560302734375 0.8047089385986328 0.7963751220703125
