22 0.1695289993286133 0.8166234588623047 0.17044300079345703 0.3487615203857422 0.08758265495300294 0.34701393127441404 0.08666864395141602 0.8148758697509766
17 0.24847593307495117 0.8112519073486328 0.2495305633544922 0.3448529815673828 0.17709400177001952 0.34308467864990233 0.17603939056396484 0.8094835662841797
0 0.3441064071655273 0.8056633758544922 0.3446052551269531 0.3539628219604492 0.26740842819213867 0.3530424499511719 0.2669095611572266 0.8047429656982422
1 0.4125699234008789 0.8166995239257813 0.41327686309814454 0.356734619140625 0.36161117553710936 0.35587730407714846 0.3609042739868164 0.8158422088623047
13 0.500950813293457 0.7943814086914063 0.5020548248291016 0.34531246185302733 0.4263801193237305 0.3433038330078125 0.42527610778808594 0.7923727416992188
20 0.588470344543457 0.7999819946289063 0.5893022918701172 0.34179073333740234 0.5127629470825196 0.3402904510498047 0.5119310760498047 0.7984817504882813
2 0.6752692413330078 0.7984070587158203 0.6758786773681641 0.3508218002319336 0.6020901870727539 0.3497370910644531 0.6014807891845703 0.7973225402832032
6 0.7596646118164062 0.7810321807861328 0.7599385070800782 0.3405522537231445 0.6882701873779297 0.3400711441040039 0.6879962921142578 0.7805510711669922
4 0.8425634002685547 0.7904055786132812 0.843433609008789 0.33548694610595703 0.7710362243652343 0.3339918899536133 0.770166015625 0.7889105224609375
0 0.9288784027099609 0.7705265045166015 0.929480972290039 0.34174270629882814 0.8577521514892578 0.3406544876098633 0.8571495819091797 0.769438247680664
