22 0.21803974151611327 0.758690185546875 0.21922958374023438 0.25043842315673825 0.12993283271789552 0.247570743560791 0.12874298095703124 0.7558224487304688
17 0.30503469467163086 0.762358169555664 0.30560333251953126 0.2561855697631836 0.21434404373168944 0.25477928161621094 0.2137754249572754 0.7609519958496094
0 0.3829083633422852 0.7531120300292968 0.3837887191772461 0.2712607955932617 0.304018611907959 0.26926162719726565 0.30313825607299805 0.7511128234863281
3 0.4687005615234375 0.762335205078125 0.4694561767578125 0.2664687728881836 0.388798828125 0.26478273391723633 0.388043212890625 0.760649185180664
13 0.5552172088623046 0.7652901458740234 0.5559244918823242 0.27646753311157224 0.4724985504150391 0.27481170654296877 0.47179130554199217 0.7636344146728515
13 0.6432958984375 0.7568126678466797 0.64425048828125 0.27251976013183593 0.5614382553100586 0.27028053283691406 0.5604835891723633 0.7545734405517578
8 0.7260440826416016 0.7523666381835937 0.7271537017822266 0.3258414840698242 0.6507566070556641 0.3231151580810547 0.649646987915039 0.7496402740478516
2 0.8111817932128906 0.7585311889648437 0.8115670776367188 0.3326329803466797 0.7350302124023438 0.331683349609375 0.7346449279785157 0.7575814819335938
9 0.8963699340820312 0.7596710205078125 0.8967843627929688 0.3220116806030273 0.8199754333496094 0.3210138320922852 0.8195610046386719 0.7586731719970703
1 0.9647418212890625 0.7666909790039063 0.9656362915039063 0.2859809684753418 0.9094119262695313 0.28454601287841796 0.9085174560546875 0.7652559661865235
