22 0.1506948471069336 0.7229876708984375 0.22375226974487306 0.7228620910644531 0.2236860466003418 0.27271419525146484 0.15062862396240234 0.27283975601196286
17 0.3078453826904297 0.727816390991211 0.3081633377075195 0.2752502822875977 0.23383544921875 0.2746403121948242 0.23351749420166015 0.7272064971923828
0 0.3877362060546875 0.7250836181640625 0.38802955627441404 0.2784784507751465 0.32142383575439454 0.2779674911499023 0.3211304473876953 0.7245726013183593
1 0.46545360565185545 0.7314725494384766 0.46603275299072267 0.2707039451599121 0.41022735595703125 0.2698845863342285 0.4096481704711914 0.7306532287597656
13 0.5534918975830078 0.7255100250244141 0.5543684387207031 0.2701264953613281 0.48267009735107425 0.268514461517334 0.4817935562133789 0.7238980865478516
25 0.636354751586914 0.7282833099365235 0.6369966125488281 0.27212350845336913 0.5649113082885742 0.270938720703125 0.5642694091796875 0.727098617553711
1 0.713044662475586 0.730251693725586 0.7134821319580078 0.25969955444335935 0.6548147583007813 0.259062385559082 0.6543771362304688 0.7296145629882812
9 0.7970565032958984 0.7241236877441406 0.7976628875732422 0.2740901374816895 0.7322785186767579 0.27306102752685546 0.731672134399414 0.7230945587158203
9 0.87653076171875 0.7246440887451172 0.8773688507080079 0.2834285163879395 0.8143289947509765 0.28202972412109373 0.8134909057617188 0.7232453918457031
8 0.9589235687255859 0.7248147583007812 0.9593431091308594 0.2835139274597168 0.8945359802246093 0.28279436111450196 0.8941165161132812 0.7240952301025391
