22 0.2211206817626953 0.7404344177246094 0.22133987426757812 0.3121757888793945 0.14495347023010255 0.31174135208129883 0.14473427772521974 0.7399999237060547
17 0.30034374237060546 0.7436868286132813 0.3004718208312988 0.31890960693359377 0.22641199111938476 0.3186615371704102 0.22628393173217773 0.743438720703125
0 0.38011631011962893 0.7410871887207031 0.3803304672241211 0.321470832824707 0.3078118324279785 0.32105968475341795 0.3075977325439453 0.7406760406494141
1 0.4437589645385742 0.749595947265625 0.444258918762207 0.32240989685058596 0.3926883316040039 0.3217392730712891 0.3921883773803711 0.7489253234863281
14 0.5277980422973633 0.7574794006347656 0.5279425430297852 0.3175957489013672 0.4518071365356445 0.3173179054260254 0.45166263580322263 0.7572015380859375
32 0.6077924346923829 0.7620103454589844 0.609110221862793 0.3246884536743164 0.5344150543212891 0.32218753814697265 0.5330971908569336 0.7595093536376953
2 0.6842449951171875 0.7625997161865234 0.6846110534667968 0.34319133758544923 0.6144149398803711 0.34251056671142577 0.6140488815307618 0.7619188690185547
2 0.7662413024902344 0.7648995971679687 0.7665231323242188 0.3413540267944336 0.6925654602050781 0.3408071517944336 0.6922836303710938 0.7643527221679688
3 0.846366195678711 0.7612074279785156 0.8472879791259765 0.3379428100585937 0.7751309967041016 0.33619682312011717 0.7742092132568359 0.7594613647460937
8 0.92685302734375 0.7644455718994141 0.9273066711425781 0.35209217071533205 0.855977783203125 0.3512202453613281 0.8555241394042968 0.7635736083984375
