22 0.22849689483642577 0.7574659729003906 0.2296744728088379 0.29059270858764646 0.1514136600494385 0.2884525680541992 0.15023608207702638 0.7553258514404297
17 0.3102322769165039 0.7501879119873047 0.3111405372619629 0.29212656021118166 0.23345108032226564 0.2904564666748047 0.23254283905029297 0.748517837524414
0 0.39475288391113283 0.7533579254150391 0.39580554962158204 0.30181381225585935 0.3167743682861328 0.2998163986206055 0.31572174072265624 0.7513605499267578
1 0.4727645492553711 0.7600616455078125 0.47420902252197267 0.2896696853637695 0.40968318939208986 0.2875214576721191 0.4082387542724609 0.7579134368896484
14 0.5567953491210937 0.7551841735839844 0.5579382705688477 0.29004880905151365 0.4817109298706055 0.2880179977416992 0.4805680084228516 0.7531533813476563
32 0.6403603363037109 0.748878173828125 0.641538314819336 0.29204431533813474 0.5630432891845704 0.289850025177002 0.5618652725219726 0.7466838836669922
7 0.7194877624511719 0.757686767578125 0.7204855346679687 0.29874927520751954 0.648115005493164 0.2970435333251953 0.6471172332763672 0.7559810638427734
8 0.8004093933105468 0.7538707733154297 0.801388168334961 0.3148958969116211 0.7283423614501953 0.3131299591064453 0.727363510131836 0.7521048736572266
5 0.8839132690429687 0.7600384521484375 0.8846887969970703 0.312614803314209 0.8087007904052734 0.3111870002746582 0.8079252624511719 0.7586106109619141
1 0.959801254272461 0.7635218811035156 0.9608901214599609 0.3138363647460938 0.8990396881103515 0.3122127151489258 0.8979508209228516 0.761898193359375
