22 0.19570188522338866 0.7196853637695313 0.1957969093322754 0.2402375793457031 0.1225944709777832 0.24004573822021485 0.12249944686889648 0.7194934844970703
17 0.28158327102661135 0.7200466918945313 0.28187496185302735 0.24344764709472655 0.2071185302734375 0.24284271240234376 0.2068268585205078 0.7194417572021484
0 0.3648653411865234 0.7145716094970703 0.36515533447265625 0.2454906463623047 0.29680564880371096 0.24493196487426758 0.2965156364440918 0.7140128326416015
2 0.4497603225708008 0.7303792572021485 0.45021175384521483 0.2447841262817383 0.3787312698364258 0.2439053726196289 0.3782798385620117 0.729500503540039
14 0.5377036285400391 0.7397150421142578 0.5381912994384765 0.23709692001342775 0.46058609008789064 0.2361011505126953 0.4600984191894531 0.7387193298339844
14 0.6235235214233399 0.7414473724365235 0.6240308380126953 0.23764280319213868 0.5452308654785156 0.23659368515014648 0.5447235870361328 0.7403982543945312
1 0.696856689453125 0.7443374633789063 0.6973088073730469 0.24666862487792968 0.6419642639160156 0.24600376129150392 0.6415121459960937 0.7436726379394532
0 0.7874192047119141 0.7344672393798828 0.787529525756836 0.26711929321289063 0.7155542755126953 0.2668947792053223 0.7154439544677734 0.7342427825927734
5 0.8741658782958984 0.7400965118408203 0.8745075225830078 0.2546986961364746 0.7984784698486328 0.25399103164672854 0.7981368255615234 0.7393887329101563
8 0.9520468902587891 0.7511241912841797 0.9526667022705078 0.2794531059265137 0.884571304321289 0.27826997756958005 0.8839514923095703 0.7499411010742187
