22 0.20980710983276368 0.7039569854736328 0.20986312866210938 0.237321720123291 0.1329050827026367 0.2372157669067383 0.13284905433654784 0.703851089477539
17 0.2958035469055176 0.7091463470458984 0.2961186218261719 0.2448423957824707 0.2193690299987793 0.2442453384399414 0.219053955078125 0.7085492706298828
0 0.37899677276611327 0.7100801086425781 0.3794415283203125 0.2606619644165039 0.307953987121582 0.25985107421875 0.3075092124938965 0.7092692565917968
2 0.4648611068725586 0.7277790832519532 0.465117073059082 0.2651182746887207 0.3911642074584961 0.26464927673339844 0.3909082794189453 0.7273100280761718
16 0.5512896347045898 0.717058334350586 0.5521922683715821 0.2589693450927734 0.4809253692626953 0.25735954284667967 0.48002262115478517 0.7154485321044922
14 0.6401288604736328 0.7388918304443359 0.6404894256591797 0.2583946228027344 0.560945701599121 0.25771049499511717 0.5605851364135742 0.7382077026367188
6 0.7182070922851562 0.7325630950927734 0.7183361053466797 0.27967893600463867 0.6505867767333985 0.2794576835632324 0.650457763671875 0.7323418426513671
5 0.8069815063476562 0.7395452117919922 0.8074536895751954 0.27085662841796876 0.7309795379638672 0.2699733352661133 0.7305072784423828 0.7386619567871093
0 0.885531234741211 0.7309207916259766 0.8859854125976563 0.279324951171875 0.8158865356445313 0.27851688385009765 0.815432357788086 0.7301127624511718
5 0.9703851318359376 0.7457461547851563 0.9710362243652344 0.2755984115600586 0.8966426849365234 0.274417610168457 0.8959915924072266 0.7445652770996094
