22 0.2057210922241211 0.7494055938720703 0.20642555236816407 0.2912369155883789 0.13287676811218263 0.28987703323364256 0.13217228889465332 0.7480457305908204
17 0.28998422622680664 0.7490558624267578 0.2902766418457031 0.2991143989562988 0.21686012268066407 0.29854063034057615 0.21656768798828124 0.7484820556640625
0 0.37466724395751955 0.7489398956298828 0.37488632202148436 0.3037594032287598 0.302863712310791 0.3033331298828125 0.3026446342468262 0.7485136413574218
1 0.4466823959350586 0.7622517395019531 0.44705169677734374 0.3086334419250488 0.39838123321533203 0.308156852722168 0.3980118942260742 0.7617752075195312
13 0.5396105194091797 0.761702880859375 0.5403876495361328 0.30846467971801755 0.4674505615234375 0.30696083068847657 0.4666734313964844 0.760198974609375
25 0.6217685317993165 0.7631596374511719 0.6225077438354493 0.31503805160522463 0.5515696334838868 0.31363094329833985 0.550830421447754 0.7617525482177734
9 0.7080686950683593 0.7684420013427734 0.7086184692382812 0.3245734405517578 0.6365806579589843 0.32350067138671873 0.6360309219360352 0.7673692321777343
1 0.7818917083740234 0.7735120391845703 0.7824007415771485 0.3132844352722168 0.7315059661865234 0.3126074981689453 0.7309969329833984 0.7728350830078125
7 0.8738346099853516 0.7763078308105469 0.8742132568359375 0.30813690185546877 0.7999111175537109 0.3074143218994141 0.7995323181152344 0.7755852508544921
7 0.9567829132080078 0.7814531707763672 0.9573592376708985 0.3196120834350586 0.8840134429931641 0.3185113334655762 0.8834370422363281 0.7803524017333985
