22 0.24078929901123047 0.6814598083496094 0.2415041732788086 0.2666782760620117 0.16717212677001952 0.2653451919555664 0.1664572525024414 0.6801267242431641
17 0.3225830078125 0.6973497772216797 0.32366722106933593 0.2757925033569336 0.24708881378173828 0.27374298095703126 0.2460045623779297 0.69530029296875
0 0.40131000518798826 0.6905177307128906 0.4021036148071289 0.2944674110412598 0.3316794204711914 0.29299903869628907 0.33088581085205077 0.689049301147461
1 0.4799299621582031 0.7164731597900391 0.4808458709716797 0.29344490051269534 0.41889564514160155 0.29204917907714845 0.417979736328125 0.7150774383544922
15 0.5605800247192383 0.7243917846679687 0.5618527603149414 0.29290645599365234 0.48847141265869143 0.29065412521362305 0.4871986770629883 0.7221395111083985
11 0.6408524322509765 0.7187073516845703 0.6418703460693359 0.30414251327514646 0.5687315368652344 0.30227365493774416 0.5677135467529297 0.7168384552001953
4 0.7212486267089844 0.7247760772705079 0.7226754760742188 0.29710786819458007 0.6474659729003907 0.29449689865112305 0.6460391235351562 0.7221651458740235
4 0.7958423614501953 0.7313613891601562 0.7972060394287109 0.3101252555847168 0.7245226287841797 0.3076765823364258 0.7231589508056641 0.7289127349853516
3 0.8739547729492188 0.7381976318359375 0.8746156311035156 0.3142169189453125 0.8044978332519531 0.313079776763916 0.8038369750976563 0.7370604705810547
4 0.9572643280029297 0.7532955169677734 0.9586373138427734 0.3080743789672852 0.8805281829833984 0.30556789398193357 0.8791551971435547 0.7507889556884766
