22 0.21152942657470702 0.7546485900878906 0.21222663879394532 0.3211769866943359 0.14070691108703615 0.3199177932739258 0.14000971794128417 0.7533895111083985
17 0.2934226989746094 0.75522705078125 0.29376468658447263 0.3271443176269531 0.22257999420166016 0.32652179718017577 0.22223800659179688 0.7546045684814453
0 0.3726330184936523 0.7612861633300781 0.3730214309692383 0.33855262756347654 0.3067155456542969 0.33788578033447264 0.3063271713256836 0.7606192779541016
3 0.45354183197021486 0.7539528656005859 0.45456756591796876 0.3293131637573242 0.38855987548828125 0.32756790161132815 0.3875341796875 0.7522075653076172
13 0.533415298461914 0.7617052459716797 0.5340672302246093 0.3328755950927734 0.4672896194458008 0.33176441192626954 0.46663776397705076 0.7605940246582031
10 0.6081103134155273 0.7597914123535157 0.6089990234375 0.3448250961303711 0.5468804168701172 0.3433688735961914 0.5459917068481446 0.7583351898193359
9 0.6900535583496094 0.7558314514160156 0.6907137298583984 0.3441553497314453 0.6301767349243164 0.3430926513671875 0.6295165252685547 0.7547687530517578
2 0.7701433563232422 0.7566445922851562 0.7708955383300782 0.3413905715942383 0.7063706207275391 0.3401112747192383 0.7056185150146485 0.7553652954101563
2 0.8475087738037109 0.7578766632080078 0.8480487060546875 0.3429469680786133 0.7840779876708984 0.34203598022460935 0.7835381317138672 0.7569656372070312
1 0.9158050537109375 0.7688053131103516 0.916786117553711 0.3455535507202148 0.87515625 0.3444973373413086 0.8741751098632813 0.7677490997314453
