22 0.2020636558532715 0.7808834838867188 0.20222600936889648 0.2984179496765137 0.12235308647155761 0.29807516098022463 0.12219073295593262 0.780540771484375
17 0.28538381576538085 0.7877931213378906 0.28624826431274414 0.3041631507873535 0.20801595687866212 0.30237951278686526 0.20715150833129883 0.786009521484375
0 0.3701499938964844 0.7808757781982422 0.3705188751220703 0.3113996124267578 0.2952985191345215 0.31064573287963865 0.2949296188354492 0.7801218414306641
2 0.4542335891723633 0.7989815521240234 0.454964714050293 0.31965070724487304 0.3802765274047852 0.31819766998291016 0.3795454025268555 0.7975284576416015
16 0.5416188049316406 0.7917281341552734 0.5424871444702148 0.3231383895874023 0.4665988540649414 0.32134471893310546 0.46573055267333985 0.7899345397949219
19 0.6261646270751953 0.7962851715087891 0.6273414993286133 0.32219505310058594 0.5495832443237305 0.3197328758239746 0.5484063720703125 0.7938229370117188
0 0.7088201904296875 0.7941060638427735 0.7092744445800782 0.33168190002441406 0.6365534210205078 0.33077072143554687 0.6360990905761719 0.7931948852539062
2 0.7932463836669922 0.8079066467285156 0.7934104156494141 0.33770118713378905 0.7174077606201172 0.33736305236816405 0.7172437286376954 0.8075685119628906
1 0.8619638061523438 0.8040719604492188 0.8622026062011718 0.3315143203735352 0.80747802734375 0.3311616897583008 0.8072392272949219 0.803719253540039
2 0.9466726684570312 0.8130218505859375 0.9469601440429688 0.34102569580078124 0.8706912231445313 0.34043331146240235 0.8704037475585937 0.8124295043945312
