22 0.1549423599243164 0.8088290405273437 0.15526050567626953 0.2945855522155762 0.07386871337890626 0.2939483261108398 0.07355055332183838 0.8081917572021484
17 0.2421279525756836 0.7888694763183594 0.24304311752319335 0.30382064819335936 0.16256168365478516 0.30189918518066405 0.1616465187072754 0.7869480133056641
0 0.34481082916259764 0.76862060546875 0.34511173248291016 0.28710460662841797 0.2657364845275879 0.2864768791198731 0.2654355812072754 0.767992935180664
2 0.4282203674316406 0.7610728454589843 0.42831809997558595 0.27725278854370117 0.3510088729858398 0.2770552253723145 0.35091114044189453 0.7608753204345703
13 0.5277628326416015 0.7403898620605469 0.528881492614746 0.2488565254211426 0.45072837829589846 0.24660579681396486 0.4496097183227539 0.7381391906738282
35 0.6134188842773437 0.7210636138916016 0.6142305755615234 0.22518035888671875 0.5335223007202149 0.22350870132446288 0.5327106094360352 0.7193920135498046
3 0.7059023284912109 0.6943055725097657 0.706749267578125 0.20346811294555664 0.6284241104125976 0.20175815582275392 0.6275772476196289 0.6925955963134766
3 0.7828190612792969 0.6724340057373047 0.783979263305664 0.19583629608154296 0.7150128936767578 0.19371179580688477 0.7138526916503907 0.6703095245361328
6 0.8596309661865235 0.6479592895507813 0.8601903533935547 0.18328298568725587 0.7921023559570313 0.18224578857421875 0.79154296875 0.6469221496582032
4 0.934145278930664 0.6396396636962891 0.9343819427490234 0.15684803009033202 0.8638843536376953 0.15641064643859864 0.8636476898193359 0.6392023086547851
