22 0.13492767333984376 0.7785871887207031 0.21184547424316405 0.7784059906005859 0.21175800323486327 0.3048764991760254 0.13484020233154298 0.30505775451660155
17 0.29580671310424805 0.781795883178711 0.29601531982421875 0.3099932098388672 0.219261474609375 0.30956029891967773 0.21905284881591797 0.7813629150390625
0 0.3779924392700195 0.7767588043212891 0.3783469772338867 0.32779605865478517 0.30602100372314456 0.32706752777099607 0.30566648483276365 0.7760302734375
1 0.4526065826416016 0.7912293243408203 0.4529058837890625 0.31937345504760745 0.4021107482910156 0.31896242141723635 0.4018114471435547 0.7908182525634766
13 0.5452304077148438 0.7940840148925781 0.5461359786987304 0.32309898376464846 0.47106300354003905 0.3212580108642578 0.470157470703125 0.7922430419921875
33 0.6311048126220703 0.8034587860107422 0.6320170211791992 0.32454357147216795 0.5550716018676758 0.32267425537109373 0.5541593933105469 0.8015894317626953
4 0.7110695648193359 0.807065200805664 0.7118102264404297 0.3321817779541016 0.6377972793579102 0.33070953369140627 0.6370566940307617 0.8055929565429687
6 0.7936972808837891 0.7960279846191406 0.7940839385986328 0.34194427490234375 0.7234687042236329 0.34117733001708983 0.723082046508789 0.795261001586914
8 0.8754995727539062 0.7926164245605469 0.8758917236328125 0.350206184387207 0.8057759094238282 0.3494136428833008 0.8053837585449218 0.7918238067626953
8 0.9569011688232422 0.7981044006347656 0.9577310943603515 0.3545382308959961 0.8881923675537109 0.3528785705566406 0.8873624420166015 0.7964447784423828
