22 0.1293330669403076 0.792431869506836 0.20895082473754883 0.7920308685302735 0.20875598907470702 0.32158134460449217 0.1291382122039795 0.3219823455810547
17 0.2920476722717285 0.7925786590576172 0.292174072265625 0.32935482025146484 0.2147395706176758 0.3290978240966797 0.21461313247680663 0.7923216247558593
0 0.37516536712646487 0.7924571990966797 0.37538970947265626 0.34169845581054686 0.3006148910522461 0.3412458419799805 0.3003905487060547 0.7920045471191406
1 0.4415336227416992 0.7951184844970703 0.4421881866455078 0.33168975830078123 0.3890559768676758 0.33077709197998045 0.3884014129638672 0.7942057800292969
14 0.5292363739013672 0.8011360168457031 0.5294467163085937 0.3250103759765625 0.4490314865112305 0.32457828521728516 0.4488211441040039 0.8007038879394531
31 0.6090958023071289 0.7990116119384766 0.6102657318115234 0.3342010116577148 0.5395253372192382 0.3320354080200195 0.5383554077148438 0.7968460083007812
5 0.6948992156982422 0.7938697052001953 0.6952079010009765 0.3281034851074219 0.6145384216308594 0.3274531936645508 0.614229736328125 0.7932194519042969
5 0.7757048797607422 0.792517318725586 0.7760942840576172 0.32256637573242186 0.697447280883789 0.32177387237548827 0.6970578765869141 0.7917247772216797
3 0.8524434661865234 0.7882684326171875 0.8526628875732422 0.3345383834838867 0.7811841583251953 0.3341180419921875 0.7809647369384766 0.7878480529785157
4 0.9346309661865234 0.7919842529296875 0.9355557250976563 0.3244033432006836 0.8590692901611328 0.32256343841552737 0.8581444549560547 0.7901443481445313
