22 0.06536082744598389 0.8097187042236328 0.13952191352844237 0.8095587921142579 0.13944154739379883 0.35686279296875 0.06528046607971191 0.35702266693115237
17 0.2218971061706543 0.805691909790039 0.22277725219726563 0.36006011962890627 0.14860208511352538 0.3582810592651367 0.14772194862365723 0.8039128875732422
0 0.31391998291015627 0.8047008514404297 0.3142684364318848 0.3747684097290039 0.24343612670898437 0.3740712356567383 0.24308771133422852 0.8040037536621094
2 0.3962515640258789 0.8236788940429688 0.39649616241455077 0.3779651641845703 0.3266152572631836 0.3774994277954102 0.3263706588745117 0.8232131958007812
14 0.4166030120849609 0.8252466583251953 0.49417221069335937 0.8252410888671875 0.4941694641113281 0.3643574523925781 0.41660030364990236 0.3643629837036133
20 0.57524658203125 0.829581527709961 0.576113052368164 0.3708149337768555 0.4998476028442383 0.3690656280517578 0.49898113250732423 0.8278321838378906
5 0.667421875 0.821352310180664 0.6674301147460937 0.36292095184326173 0.5898821258544922 0.36290416717529295 0.5898739242553711 0.8213355255126953
6 0.7450064086914062 0.8177883911132813 0.7451126861572266 0.3793206787109375 0.6750162506103515 0.37911449432373046 0.6749099731445313 0.8175821685791016
5 0.8307186126708984 0.8237602233886718 0.8310952758789063 0.3641218185424805 0.7532524871826172 0.3633469772338867 0.7528758239746094 0.8229853820800781
1 0.9006778717041015 0.8342214965820313 0.9016019439697266 0.37109363555908204 0.8415329742431641 0.36963802337646484 0.8406089782714844 0.832765884399414
