22 0.1923080253601074 0.7665896606445313 0.1926106643676758 0.28245527267456055 0.11473749160766601 0.28177074432373045 0.11443487167358399 0.7659050750732422
17 0.277105712890625 0.7685564422607422 0.2771841239929199 0.29618057250976565 0.2009272575378418 0.29600259780883786 0.2008488655090332 0.7683783721923828
0 0.3589155197143555 0.7672109985351563 0.35917747497558594 0.30162376403808594 0.28633134841918945 0.30104732513427734 0.286069393157959 0.766634521484375
4 0.4427976226806641 0.7816513824462891 0.44340957641601564 0.29249603271484376 0.36803733825683593 0.2911700248718262 0.3674253845214844 0.7803253173828125
16 0.5272724533081055 0.7888984680175781 0.5282379531860352 0.31164697647094725 0.4542839431762695 0.3095430946350098 0.45331851959228514 0.7867946624755859
35 0.6141928863525391 0.8121230316162109 0.6146230697631836 0.3117211723327637 0.5364192199707031 0.3107759666442871 0.5359891128540039 0.8111778259277344
0 0.6968798828125 0.8147287750244141 0.6971673583984375 0.35386199951171876 0.6239842605590821 0.35322017669677735 0.6236968231201172 0.8140869903564453
2 0.7807129669189453 0.8412865447998047 0.7813031005859375 0.3609951400756836 0.709424819946289 0.3597530746459961 0.7088346862792969 0.8400444030761719
3 0.8616658020019531 0.8333771514892578 0.8620230102539063 0.35605731964111326 0.7933257293701171 0.3553342819213867 0.7929685211181641 0.8326541137695312
5 0.9477846527099609 0.8317476654052735 0.9483553314208985 0.3460263442993164 0.874911117553711 0.3448128509521484 0.8743404388427735 0.8305341339111328
