22 0.06857255935668945 0.7498667907714843 0.1864739990234375 0.7362303161621093 0.18420618057250976 0.38285121917724607 0.06630473613739013 0.3964876937866211
17 0.18586149215698242 0.7674411773681641 0.2751314353942871 0.750937728881836 0.2716314697265625 0.40973812103271484 0.18236152648925782 0.42624141693115236
0 0.29549915313720704 0.7333474731445313 0.3787540054321289 0.7292667388916015 0.3778816223144531 0.40849292755126954 0.2946267509460449 0.41257366180419924
4 0.4544468688964844 0.7125302886962891 0.45461341857910154 0.42632160186767576 0.38104011535644533 0.4255501174926758 0.38087360382080077 0.7117587280273437
15 0.48097221374511717 0.7379810333251953 0.5569356536865234 0.7370414733886719 0.5567208480834961 0.4240501022338867 0.4807573699951172 0.42498973846435545
31 0.5553916549682617 0.7239163208007813 0.6347906494140625 0.7179767608642578 0.6335376358032226 0.4161044692993164 0.5541387176513672 0.42204402923583983
2 0.7276975250244141 0.7365102386474609 0.7280023956298828 0.42804737091064454 0.6511967468261719 0.42667903900146487 0.6508918762207031 0.7351418304443359
8 0.8072712707519532 0.744585189819336 0.8077873229980469 0.4356308746337891 0.7320825958251953 0.4333518981933594 0.7315664672851563 0.7423062133789062
8 0.8835160064697266 0.738851318359375 0.8841617584228516 0.43405879974365236 0.8107884216308594 0.4312571334838867 0.8101426696777344 0.7360496520996094
9 0.9624040222167969 0.7560881042480468 0.9627861022949219 0.4402987670898437 0.8849275970458984 0.4386011505126953 0.8845455932617188 0.7543904876708984
