22 0.21241399765014649 0.6337125396728516 0.2124478340148926 0.12626731872558594 0.13320818901062012 0.12618600845336914 0.13317434310913087 0.6336312103271484
17 0.2930875778198242 0.6437591552734375 0.29332908630371096 0.13520641326904298 0.21868457794189453 0.13466121673583983 0.21844306945800782 0.6432139587402343
0 0.3746949768066406 0.6379975509643555 0.3749434661865234 0.14389077186584473 0.30427026748657227 0.143344144821167 0.30402177810668946 0.6374509429931641
4 0.45875106811523436 0.6608763885498047 0.45924720764160154 0.13547354698181152 0.3867460632324219 0.13442069053649902 0.3862499237060547 0.6598235321044922
21 0.5399684906005859 0.6607874298095703 0.540835304260254 0.1403820037841797 0.46710670471191407 0.13849334716796874 0.4662398529052734 0.6588988494873047
34 0.6195733642578125 0.6546574401855468 0.6203005218505859 0.1371130657196045 0.552845344543457 0.13565562248229981 0.5521182250976563 0.6531999969482422
4 0.7041143798828124 0.6717992401123047 0.7050372314453125 0.14790800094604492 0.6339148712158204 0.1459812068939209 0.6329919815063476 0.6698724365234375
0 0.785890884399414 0.6480860900878906 0.7860106658935547 0.16294361114501954 0.7147219085693359 0.16267297744750978 0.7146021270751953 0.6478154754638672
9 0.8674885559082032 0.6565511322021484 0.8677145385742188 0.16082345962524414 0.7971209716796875 0.16032867431640624 0.7968949890136718 0.6560563659667968
5 0.9511361694335938 0.6632388305664062 0.9516075134277344 0.15220796585083007 0.8764291381835938 0.15114158630371094 0.8759577941894531 0.6621724700927735
