22 0.13726027488708495 0.8122891998291015 0.1373635482788086 0.29402622222900393 0.049691147804260254 0.2938105201721191 0.04958787441253662 0.8120735168457032
17 0.2295492935180664 0.8084510040283203 0.23018291473388672 0.28363216400146485 0.14339144706726073 0.2823385238647461 0.1427578067779541 0.8071573638916015
0 0.3316106033325195 0.7916138458251953 0.33211692810058596 0.2919508171081543 0.2500958061218262 0.2909247016906738 0.24958946228027343 0.7905877685546875
3 0.4220189666748047 0.7880438232421875 0.4223323822021484 0.2861953353881836 0.34144569396972657 0.2855717277526855 0.3411322784423828 0.7874202728271484
12 0.524751968383789 0.7725643157958985 0.5257437896728515 0.27860542297363283 0.44538074493408203 0.2766133880615234 0.44438892364501953 0.770572280883789
20 0.6152511215209961 0.7774382781982422 0.6163419342041015 0.2683002662658691 0.5312056732177735 0.26604848861694336 0.5301148223876954 0.7751864624023438
0 0.7138038635253906 0.7590613555908203 0.7142237854003907 0.268246021270752 0.6357037353515625 0.26741689682006836 0.6352838897705078 0.758232192993164
0 0.8005519866943359 0.752315673828125 0.8009762573242187 0.264654541015625 0.7235661315917968 0.26382314682006835 0.723141860961914 0.7514842224121093
6 0.8843483734130859 0.7325084686279297 0.8849911499023437 0.26342790603637695 0.8087928009033203 0.2621391105651856 0.8081500244140625 0.7312196350097656
5 0.9748984527587891 0.7450718688964844 0.9754934692382813 0.2467361259460449 0.8897097778320312 0.2454717254638672 0.8891147613525391 0.7438075256347656
