22 0.12632596969604493 0.76901611328125 0.2087405014038086 0.7687850189208985 0.20862367630004883 0.2529423522949219 0.12620914459228516 0.2531734466552734
17 0.2961928939819336 0.7697606658935547 0.296543025970459 0.2545172309875488 0.21389310836791992 0.25382190704345703 0.21354297637939454 0.7690653228759765
0 0.37995319366455077 0.752047119140625 0.3802887725830078 0.25948863983154297 0.3040319442749023 0.2588455009460449 0.30369632720947265 0.7514039611816407
2 0.4674959945678711 0.7735477447509765 0.4675438690185547 0.2609296417236328 0.38841766357421875 0.2608380889892578 0.3883697509765625 0.7734561920166015
16 0.5550875091552734 0.7571540832519531 0.5557183074951172 0.25745492935180664 0.4779550170898437 0.25623958587646484 0.47732421875 0.7559387969970703
19 0.6407028198242187 0.7577301025390625 0.6421204376220703 0.25097667694091796 0.5624216842651367 0.2482166290283203 0.5610040283203125 0.7549700164794921
8 0.7208586120605469 0.7548145294189453 0.7216913604736328 0.26302242279052734 0.6478973388671875 0.26147544860839844 0.6470645141601562 0.7532675170898437
8 0.8040351104736329 0.7413079833984375 0.8042296600341797 0.2522297477722168 0.7307061767578125 0.2518678092956543 0.7305116271972656 0.7409459686279297
5 0.8878649139404297 0.7316509246826172 0.888561019897461 0.23174671173095704 0.8117884063720703 0.23042314529418945 0.8110922241210937 0.730327377319336
0 0.9689623260498047 0.7269734954833984 0.9696772003173828 0.24800207138061522 0.8950212860107422 0.24662256240844727 0.894306411743164 0.7255939483642578
