22 0.2226681900024414 0.7299691772460938 0.2227090835571289 0.2831631851196289 0.1506057834625244 0.28308830261230467 0.15056488990783692 0.7298943328857422
17 0.30175817489624024 0.7345639801025391 0.30264060974121093 0.2958151626586914 0.23193042755126952 0.294201545715332 0.23104799270629883 0.7329503631591797
0 0.38120452880859373 0.7397020721435547 0.3817545318603516 0.30080982208251955 0.31581329345703124 0.2998722267150879 0.3152633285522461 0.7387644195556641
5 0.4640077590942383 0.7451849365234375 0.46416439056396486 0.293767032623291 0.3940171813964844 0.2934908485412598 0.3938605499267578 0.7449088287353516
13 0.5431651306152344 0.7495684814453125 0.5440258407592773 0.3026120376586914 0.4756150817871094 0.3011173629760742 0.4747544479370117 0.74807373046875
17 0.6274262237548828 0.7524298095703125 0.628201904296875 0.3094038391113281 0.5577043914794921 0.3080033302307129 0.5569287109375 0.751029281616211
7 0.7068722534179688 0.751986312866211 0.707282943725586 0.30578826904296874 0.639564208984375 0.30508113861083985 0.6391535568237304 0.7512792205810547
7 0.7875247955322265 0.7599105834960938 0.7877210235595703 0.3122878074645996 0.7183760070800781 0.3119428825378418 0.7181798553466797 0.7595656585693359
5 0.8684937286376954 0.7606978607177735 0.8685606384277343 0.31346242904663085 0.7986148834228516 0.31334367752075193 0.7985480499267578 0.7605790710449218
8 0.94769775390625 0.7708702850341796 0.9484858703613281 0.3460675811767578 0.8829080200195313 0.34468727111816405 0.8821199035644531 0.7694899749755859
