22 0.2124887466430664 0.7638565826416016 0.2135997772216797 0.2960639381408691 0.13663269996643065 0.2942356491088867 0.13552167892456055 0.7620283508300781
17 0.3007255744934082 0.7594055938720703 0.30229040145874025 0.2843669891357422 0.21945711135864257 0.2816379737854004 0.21789222717285156 0.7566765594482422
0 0.3850923156738281 0.7517687225341797 0.3860544967651367 0.29650997161865233 0.30755699157714844 0.29485076904296875 0.3065948486328125 0.7501095581054688
1 0.4644049835205078 0.7517532348632813 0.46563655853271485 0.2817262077331543 0.39848110198974607 0.27996641159057617 0.3972495651245117 0.7499933624267578
14 0.5518111038208008 0.7451117706298828 0.5525959014892579 0.28803104400634766 0.4754007339477539 0.2867055320739746 0.4746160125732422 0.7437862396240235
11 0.6350324249267578 0.7458173370361328 0.6361219406127929 0.2849573135375977 0.5590155792236328 0.28313436508178713 0.5579261016845704 0.743994369506836
1 0.7146888732910156 0.7376008605957032 0.7153544616699219 0.2848289108276367 0.6500933074951172 0.28386941909790037 0.6494277191162109 0.7366413116455078
6 0.7982449340820312 0.7370909881591797 0.7991260528564453 0.27735305786132813 0.7280402374267578 0.27599063873291013 0.7271591186523437 0.7357286071777344
3 0.8821763610839843 0.7375413513183594 0.8829988861083984 0.27433813095092774 0.8078270721435546 0.2730030632019043 0.8070045471191406 0.7362063598632812
1 0.9655817413330078 0.726054916381836 0.9666755676269532 0.26975217819213865 0.8993157196044922 0.26813730239868167 0.8982218933105469 0.7244400024414063
