22 0.15798425674438477 0.7355958557128907 0.15814863204956053 0.22214452743530275 0.04484299659729004 0.22142795562744141 0.04467861175537109 0.7348793792724609
17 0.1633891296386719 0.740814208984375 0.2623064422607422 0.7389319610595703 0.2618058395385742 0.21929323196411132 0.1628885269165039 0.221175537109375
0 0.3591877365112305 0.7326792907714844 0.35937007904052737 0.24549409866333008 0.284666748046875 0.24494190216064454 0.2844844436645508 0.7321271514892578
2 0.4370184326171875 0.7540058135986328 0.43759727478027344 0.253475227355957 0.36133560180664065 0.2517330932617188 0.3607567596435547 0.7522635650634766
13 0.5498080825805665 0.7529024505615234 0.5505318069458007 0.2467189598083496 0.4690475845336914 0.24441768646240233 0.468323860168457 0.7506011962890625
35 0.6275122833251953 0.7628048706054688 0.6281104278564453 0.23289112091064454 0.5501863479614257 0.23115358352661133 0.5495881271362305 0.7610673522949218
7 0.729129409790039 0.7613320922851563 0.7297757720947265 0.2517377471923828 0.6530631256103515 0.24981580734252928 0.6524167633056641 0.7594101715087891
4 0.8104336547851563 0.7670657348632812 0.8104638671875 0.2774360275268555 0.735546875 0.27734487533569335 0.7355166625976562 0.7669747161865235
6 0.8845569610595703 0.7749898529052734 0.8845909881591797 0.2820589256286621 0.8169029998779297 0.2819666290283203 0.8168689727783203 0.7748974609375
4 0.9565271759033203 0.7969051361083984 0.9567671966552734 0.28267606735229495 0.8877318572998046 0.28203969955444336 0.8874918365478516 0.7962686920166016
