22 0.2123501968383789 0.7621773529052734 0.2129468536376953 0.3037624740600586 0.13205374717712404 0.30237024307250976 0.13145710945129394 0.7607850646972656
17 0.29738054275512693 0.7807624053955078 0.2980977249145508 0.30682872772216796 0.21591672897338868 0.3051842498779297 0.2151995277404785 0.7791179656982422
0 0.37695308685302736 0.7766607666015625 0.37769351959228514 0.32242568969726565 0.30029605865478515 0.32075740814208986 0.29955562591552737 0.7749925231933594
3 0.4618983840942383 0.7889053344726562 0.46260944366455076 0.31020418167114255 0.3843398666381836 0.3086668586730957 0.3836288070678711 0.7873680114746093
13 0.5445802688598633 0.7857429504394531 0.5455351638793945 0.3170736694335938 0.46299983978271486 0.3148500061035156 0.4620449447631836 0.783519287109375
30 0.6279533004760742 0.7754610443115234 0.6289318084716797 0.31777746200561524 0.5523580169677734 0.3156126403808594 0.5513795089721679 0.7732962036132812
8 0.7105642700195313 0.7724395751953125 0.7115325927734375 0.3621908950805664 0.6373354721069336 0.35987518310546873 0.6363671493530273 0.7701238250732422
2 0.793544921875 0.7819934844970703 0.7939692687988281 0.3570926284790039 0.719185791015625 0.3561049270629883 0.7187614440917969 0.7810057830810547
9 0.87626953125 0.7819548034667969 0.8766419982910156 0.35036727905273435 0.8011563110351563 0.34950599670410154 0.8007838439941406 0.7810935211181641
0 0.9440423583984375 0.7885352325439453 0.9449966430664063 0.31662172317504883 0.8875135803222656 0.31508472442626956 0.8865592956542969 0.786998291015625
