22 0.22869871139526368 0.7667861938476562 0.22897924423217775 0.1885097312927246 0.15352228164672851 0.1878177833557129 0.15324174880981445 0.7660942840576171
17 0.3060960388183594 0.7764411926269531 0.3071375846862793 0.19236331939697265 0.2353096580505371 0.1899420738220215 0.23426813125610352 0.774020004272461
0 0.3845450210571289 0.7684915161132813 0.38512821197509767 0.20652153015136718 0.31638446807861326 0.20517303466796874 0.3158012580871582 0.7671430969238281
2 0.4654381561279297 0.7730205535888672 0.4659877777099609 0.21536785125732422 0.39447967529296873 0.21403560638427735 0.3939300537109375 0.7716883087158203
16 0.5455390930175781 0.7631539916992187 0.5456769943237305 0.21111490249633788 0.47474945068359375 0.21077987670898438 0.47461151123046874 0.7628189086914062
17 0.6243896484375 0.7699443054199219 0.6252730941772461 0.20621139526367188 0.5516804504394531 0.20403114318847657 0.5507969665527344 0.7677640533447265
2 0.6976449584960938 0.7743156433105469 0.6980857849121094 0.22011543273925782 0.6298811340332031 0.21908987045288086 0.6294403839111328 0.7732900238037109
2 0.776491928100586 0.7760302734375 0.7772736358642578 0.21304895401000976 0.7088605499267578 0.2112533187866211 0.7080788421630859 0.774234619140625
5 0.8574299621582031 0.7716038513183594 0.8578868103027344 0.2093878173828125 0.7859799194335938 0.20828330993652344 0.7855230712890625 0.7704993438720703
8 0.9368721008300781 0.7756404876708984 0.9372447204589843 0.21936916351318358 0.867442626953125 0.2184852409362793 0.8670700073242188 0.7747565460205078
