22 0.2073671531677246 0.7377101135253906 0.2078419303894043 0.2723406219482422 0.130908784866333 0.2714299774169922 0.1304340171813965 0.7367994689941406
17 0.294007396697998 0.7397563934326172 0.2940433692932129 0.28384191513061524 0.21631696701049805 0.28377073287963867 0.21628097534179688 0.7396852111816407
0 0.37852333068847654 0.7395596313476562 0.378713493347168 0.29719230651855466 0.30402317047119143 0.29681978225708006 0.3038330078125 0.7391870880126953
3 0.4629708480834961 0.7528813934326172 0.4637631607055664 0.2967416381835937 0.3893227005004883 0.29524139404296873 0.3885303497314453 0.7513811492919922
13 0.548905143737793 0.75946533203125 0.5497288513183594 0.29638731002807617 0.47232975006103517 0.29478979110717773 0.47150596618652346 0.7578678131103516
16 0.6350611877441407 0.75992919921875 0.6354455947875977 0.30320728302001954 0.5600201416015625 0.30247068405151367 0.5596357727050781 0.7591925811767578
9 0.7197431945800781 0.7599882507324218 0.7200746154785156 0.3104315376281738 0.6449531555175781 0.3097892379760742 0.6446218872070313 0.759345932006836
9 0.8046116638183594 0.7654122924804687 0.8049172973632812 0.3162162399291992 0.72965087890625 0.3156222152709961 0.7293452453613282 0.764818344116211
7 0.88907470703125 0.7690134429931641 0.8897974395751953 0.3109772872924805 0.8124932861328125 0.3095619010925293 0.8117705535888672 0.7675981140136718
2 0.9727336883544921 0.7857253265380859 0.9732132720947265 0.3312161636352539 0.897900619506836 0.33029407501220703 0.8974210357666016 0.784803237915039
