22 0.06520225048065185 0.868248519897461 0.15455499649047852 0.8679998779296875 0.15443706512451172 0.25723514556884763 0.06508433818817139 0.2574837112426758
17 0.24300395965576171 0.8409993743896484 0.24369958877563477 0.2531578254699707 0.15796417236328125 0.2516957855224609 0.1572685432434082 0.839537353515625
0 0.3415859222412109 0.814842300415039 0.3421195602416992 0.250807991027832 0.25808958053588865 0.2496623420715332 0.2575559234619141 0.8136966705322266
1 0.42282924652099607 0.8113483428955078 0.4232965087890625 0.21201980590820313 0.35981815338134765 0.2113065528869629 0.3593508911132812 0.8106351470947266
13 0.5262129211425781 0.7893122100830078 0.527297248840332 0.19846708297729493 0.44236785888671876 0.19622091293334962 0.44128353118896485 0.7870660400390626
11 0.6119392395019532 0.7612030792236328 0.6133979415893555 0.19809282302856446 0.532488899230957 0.19507261276245116 0.5310302352905274 0.7581829071044922
7 0.7130146789550781 0.7584613800048828 0.7141275024414062 0.17710594177246095 0.6262892532348633 0.17468305587768554 0.6251765060424804 0.7560385131835937
3 0.7979729461669922 0.7433544158935547 0.7983305358886719 0.18982959747314454 0.7170697784423828 0.18907318115234376 0.7167121887207031 0.7425979614257813
8 0.8816995239257812 0.7306696319580078 0.8827853393554688 0.18078866958618164 0.8052789306640625 0.1785831069946289 0.804193115234375 0.7284640502929688
1 0.9493037414550781 0.7065042114257812 0.9508578491210937 0.21549781799316406 0.8912252807617187 0.2127778434753418 0.8896711730957031 0.7037842559814453
