22 0.21782651901245118 0.6971945190429687 0.21871347427368165 0.2825678634643555 0.14071681022644042 0.2809030723571777 0.1398298454284668 0.69552978515625
17 0.30032936096191404 0.693421630859375 0.3006624794006348 0.2869294357299805 0.2236429977416992 0.2862996101379395 0.22330986022949217 0.6927919006347656
0 0.3802725601196289 0.6975522613525391 0.3805898284912109 0.2994961738586426 0.30796428680419924 0.298918628692627 0.30764705657958985 0.6969747924804688
1 0.4458016586303711 0.7072757720947266 0.4463107299804687 0.29514030456542967 0.3952783584594727 0.29451135635375975 0.394769287109375 0.7066468048095703
14 0.5351564407348632 0.7159089660644531 0.5351680374145508 0.2888204765319824 0.45417491912841795 0.28879838943481445 0.4541632843017578 0.7158868408203125
31 0.6121662902832031 0.7107949066162109 0.6132308197021484 0.2998188400268555 0.5435496520996094 0.29801794052124025 0.5424851226806641 0.7089940643310547
8 0.6934441375732422 0.7119152069091796 0.6940979766845703 0.3124864959716797 0.621556396484375 0.3113015365600586 0.6209024047851562 0.7107302856445312
7 0.7751483154296875 0.7199708557128907 0.7755986022949218 0.30313058853149416 0.7021209716796875 0.30233882904052733 0.7016707611083984 0.7191790008544922
0 0.8582476043701172 0.7223403930664063 0.8583590698242187 0.31536623001098635 0.7845901489257813 0.31516447067260744 0.7844786834716797 0.722138671875
1 0.9278369140625 0.7391487884521485 0.9280101776123046 0.3168612480163574 0.8716373443603516 0.31663042068481445 0.8714640045166016 0.7389179992675782
