22 0.20902591705322265 0.8235064697265625 0.2102005386352539 0.36644481658935546 0.12197979927062988 0.3641310501098633 0.1208051872253418 0.8211927032470703
17 0.2952687072753906 0.8025653839111329 0.29584875106811526 0.35401416778564454 0.21571002960205077 0.3529565048217773 0.21512996673583984 0.8015077209472656
0 0.3848978424072266 0.7886544799804688 0.3854605484008789 0.33518783569335936 0.3045966720581055 0.3341637420654297 0.30403392791748046 0.7876304626464844
1 0.4526372528076172 0.7673697662353516 0.4528691482543945 0.31033281326293943 0.399696044921875 0.31005741119384767 0.3994641494750977 0.7670943450927734
14 0.5425382995605469 0.7606411743164062 0.5435466766357422 0.2981333351135254 0.45855403900146485 0.2962420654296875 0.4575455856323242 0.7587499237060547
32 0.6236885070800782 0.7525279998779297 0.6251211929321289 0.29374902725219726 0.5469766998291016 0.29125858306884767 0.5455440139770508 0.7500375366210937
2 0.7028252410888672 0.7194344329833985 0.7035733795166016 0.28501373291015625 0.6284417343139649 0.28369340896606443 0.6276937103271485 0.7181140899658203
4 0.7858836364746093 0.7056964874267578 0.7875395202636719 0.2575299835205078 0.7109133911132812 0.2546404266357422 0.7092575073242188 0.7028069305419922
5 0.8710726165771484 0.6779671478271484 0.871980209350586 0.23528778076171875 0.7929037475585937 0.23363327026367187 0.7919961547851563 0.6763126373291015
0 0.945985107421875 0.6547329711914063 0.9466165924072265 0.23275278091430665 0.872112045288086 0.231614933013916 0.8714805603027344 0.6535951232910157
