22 0.214329833984375 0.6635482025146484 0.21452861785888672 0.17887418746948242 0.1408547878265381 0.17851495742797852 0.1406560230255127 0.6631890106201171
17 0.29818920135498045 0.671224365234375 0.29871622085571287 0.2139539909362793 0.22559492111206056 0.21295183181762695 0.2250678825378418 0.67022216796875
0 0.38043212890625 0.6782337188720703 0.3807943725585938 0.22824466705322266 0.31321699142456055 0.22759780883789063 0.3128546714782715 0.6775868988037109
1 0.4545041275024414 0.6955343627929688 0.45505313873291015 0.2370287322998047 0.40428569793701175 0.23630598068237305 0.40373668670654295 0.6948115539550781
31 0.5466949844360351 0.7001515197753906 0.547823143005371 0.23665475845336914 0.4824167251586914 0.23476181030273438 0.4812885665893555 0.6982585906982421
10 0.6291033172607422 0.714654541015625 0.6299984359741211 0.25714305877685545 0.5621048355102539 0.2555635643005371 0.5612096786499023 0.7130751037597656
9 0.7136495971679687 0.7262152099609375 0.7142669677734375 0.2651374626159668 0.6470315551757813 0.2640669250488281 0.6464141845703125 0.7251446533203125
1 0.7911833953857422 0.7307846832275391 0.7919535064697265 0.2786651611328125 0.7404857635498047 0.2776227569580078 0.7397156524658203 0.7297422790527344
1 0.8743699645996094 0.748790283203125 0.87506103515625 0.28631809234619143 0.8221017456054688 0.2853770637512207 0.8214106750488281 0.7478491973876953
6 0.9620907592773438 0.7525305938720703 0.9624238586425782 0.3062070083618164 0.8967314147949219 0.3056240653991699 0.8963983154296875 0.7519476318359375
