22 0.21371299743652344 0.7685520935058594 0.2140696907043457 0.27871337890625 0.1321404457092285 0.27808963775634765 0.13178378105163574 0.7679283905029297
17 0.30123985290527344 0.75501708984375 0.3019815444946289 0.28348731994628906 0.21998743057250977 0.28213876724243164 0.2192457389831543 0.7536685180664062
0 0.3875101852416992 0.7468668365478516 0.38818668365478515 0.28223207473754885 0.31021335601806643 0.28104501724243164 0.3095368766784668 0.7456797790527344
1 0.45754642486572267 0.7491580963134765 0.45826412200927735 0.2853165054321289 0.40401294708251956 0.28443885803222657 0.4032952499389648 0.7482803344726563
15 0.5496396255493164 0.7531160736083984 0.550656394958496 0.2638261413574219 0.4668326187133789 0.26200490951538086 0.46581588745117186 0.7512948608398438
11 0.6315434646606445 0.7502554321289062 0.632406005859375 0.2722291946411133 0.5513045120239258 0.27069902420043945 0.5504420471191406 0.7487252807617187
1 0.6990624237060546 0.7376348114013672 0.6997690582275391 0.2746402359008789 0.6459178161621094 0.27378082275390625 0.645211181640625 0.7367753601074218
3 0.7855064392089843 0.7318366241455078 0.7859259033203125 0.27307361602783203 0.7095197296142578 0.2723431205749512 0.7091002655029297 0.7311061096191406
6 0.869770278930664 0.7270307922363282 0.8699163818359374 0.27295711517333987 0.7962867736816406 0.2727093315124512 0.7961407470703125 0.7267830657958985
5 0.956146240234375 0.7222195434570312 0.9569821929931641 0.25131872177124026 0.8767543792724609 0.24982963562011717 0.8759183502197265 0.7207304382324219
