22 0.20594099044799805 0.7472686004638672 0.20603368759155274 0.3281753158569336 0.12252606391906738 0.3280004119873047 0.12243338584899903 0.747093734741211
17 0.2908078956604004 0.7481831359863281 0.2914920997619629 0.3332506561279297 0.20943431854248046 0.3319696044921875 0.20875011444091796 0.7469020843505859
0 0.376423225402832 0.7502742767333984 0.3767634201049805 0.34777595520019533 0.2975951385498047 0.34714244842529296 0.2972549819946289 0.7496408081054687
1 0.4433503723144531 0.7565215301513671 0.4440118408203125 0.34206371307373046 0.3887027740478516 0.34122802734375 0.3880413055419922 0.7556858062744141
15 0.531773567199707 0.754278793334961 0.5327700424194336 0.3401364898681641 0.45112239837646484 0.3382765579223633 0.4501259231567383 0.7524188995361328
11 0.6132835006713867 0.7568706512451172 0.614346580505371 0.3531865310668945 0.5363135528564453 0.3512409210205078 0.5352504348754883 0.7549250793457031
3 0.6989768981933594 0.7568706512451172 0.6993150329589843 0.35398216247558595 0.6231668090820313 0.3533769989013672 0.6228285980224609 0.7562654876708984
0 0.7831330871582032 0.7565404510498047 0.7834100341796875 0.35533737182617187 0.7074455261230469 0.35484077453613283 0.7071685791015625 0.756043930053711
4 0.8651232147216796 0.7619844818115235 0.8663829803466797 0.3470481491088867 0.7891587066650391 0.34482856750488283 0.7878989410400391 0.7597649383544922
0 0.9504042816162109 0.7623538970947266 0.9509210968017578 0.35372611999511716 0.874600601196289 0.3528123474121094 0.8740837860107422 0.7614401245117187
