22 0.21358293533325196 0.7502011108398438 0.21372739791870118 0.28447177886962893 0.14093626022338868 0.2841963195800781 0.1407917881011963 0.7499256134033203
17 0.2967281723022461 0.7510836029052734 0.29730934143066406 0.28547155380249023 0.2236890411376953 0.2843506050109863 0.22310783386230468 0.7499626159667969
0 0.3789012908935547 0.7515876770019532 0.3791669845581055 0.30598575592041016 0.30941291809082033 0.305478458404541 0.3091472053527832 0.7510803985595703
1 0.4542164611816406 0.7581027221679687 0.45511402130126954 0.2859506607055664 0.4007138824462891 0.28468921661376956 0.39981636047363284 0.7568412780761719
13 0.5421461486816406 0.7531098937988281 0.5430025482177734 0.28356208801269533 0.4720329284667969 0.2819832801818848 0.4711765289306641 0.7515310668945312
33 0.6277405166625977 0.7609386444091797 0.6284366989135742 0.2879186630249023 0.5575910186767579 0.28664684295654297 0.5568949127197266 0.7596668243408203
8 0.7074712371826172 0.7514553070068359 0.7079175567626953 0.3066242027282715 0.6413131713867187 0.3058089828491211 0.640866928100586 0.7506401062011718
7 0.7907594299316406 0.7620368194580078 0.7910875701904296 0.2892686080932617 0.7188441467285156 0.2886568832397461 0.7185160064697266 0.7614250946044921
6 0.8743499755859375 0.7632278442382813 0.8744956970214843 0.3024483299255371 0.804024658203125 0.302176513671875 0.8038790130615234 0.7629560852050781
2 0.9548296356201171 0.7751668548583984 0.9551950836181641 0.3097182273864746 0.884732437133789 0.30904356002807615 0.8843669891357422 0.7744921875
