22 0.20312269210815428 0.7533599090576172 0.20409250259399414 0.3103834342956543 0.12966452598571776 0.3084458923339844 0.12869471549987793 0.7514223480224609
17 0.28395275115966795 0.7554764556884765 0.28482460021972655 0.314035587310791 0.21044137954711914 0.31228870391845703 0.2095694923400879 0.7537295532226562
0 0.36529380798339844 0.7537667846679688 0.3653801727294922 0.3247461700439453 0.2935390090942383 0.3245741653442383 0.2934526252746582 0.753594741821289
3 0.4450540542602539 0.7597205352783203 0.4452070236206055 0.32627822875976564 0.37546482086181643 0.3259855651855469 0.37531185150146484 0.7594278717041015
14 0.5302236557006836 0.7665207672119141 0.5303459930419921 0.31056526184082034 0.4519527053833008 0.31031524658203125 0.45183040618896486 0.7662709045410157
28 0.6084324264526367 0.7612512969970703 0.6087638854980468 0.32963123321533205 0.5366921234130859 0.32897300720214845 0.5363606262207031 0.760593032836914
2 0.6878176879882812 0.7664861297607422 0.6881082153320313 0.3343339538574219 0.6160803604125976 0.33375804901123046 0.6157897567749023 0.7659102630615234
3 0.7672948455810547 0.763207015991211 0.767505874633789 0.3318333053588867 0.6965740203857422 0.33142082214355467 0.6963629913330078 0.7627944946289062
4 0.8510494232177734 0.7815741729736329 0.8523432159423828 0.3260560607910156 0.7766400909423828 0.3234994888305664 0.7753462982177735 0.7790175628662109
3 0.9293984222412109 0.7761128234863282 0.9298064422607422 0.33664817810058595 0.8601776885986329 0.3358792877197266 0.8597696685791015 0.7753440093994141
