22 0.2066737174987793 0.7565884399414062 0.20686717987060546 0.27578540802001955 0.13505419731140136 0.27541919708251955 0.13486075401306152 0.7562222290039062
17 0.2910922431945801 0.7578183746337891 0.29188850402832034 0.2781069564819336 0.21898429870605468 0.27657327651977537 0.21818801879882813 0.7562847137451172
0 0.37136627197265626 0.7421311187744141 0.3715472030639648 0.2805893325805664 0.30513433456420896 0.2802593421936035 0.3049534034729004 0.7418010711669922
4 0.45217872619628907 0.7509150695800781 0.45259746551513674 0.2773113632202148 0.3862104797363281 0.2765674209594727 0.3857917404174805 0.7501711273193359
22 0.5375001907348633 0.7489198303222656 0.5378071212768555 0.27512109756469727 0.46845767974853514 0.27455183029174807 0.4681507873535156 0.7483505249023438
23 0.6221846389770508 0.7537726593017579 0.6227998733520508 0.27389617919921877 0.5493281936645508 0.2727022171020508 0.5487129211425781 0.7525787353515625
7 0.7049702453613281 0.7474375915527344 0.7051591491699218 0.2648760414123535 0.6338117218017578 0.26452203750610354 0.6336227798461914 0.7470835876464844
3 0.7828621673583984 0.7498029327392578 0.7837235260009766 0.279599552154541 0.7162602233886719 0.2780331611633301 0.7153989410400391 0.7482366180419922
9 0.859769287109375 0.7472837829589843 0.8601087188720703 0.28115943908691404 0.7977041625976562 0.280583553314209 0.797364730834961 0.7467078399658204
8 0.9418228912353516 0.7394157409667969 0.9420805358886719 0.28555219650268554 0.8770429229736328 0.2850843620300293 0.8767853546142578 0.7389479064941407
