22 0.22079687118530272 0.7352632904052734 0.22110998153686523 0.2857907104492188 0.14036282539367675 0.2852054214477539 0.14004972457885742 0.734677963256836
17 0.3082173538208008 0.7372752380371094 0.3087244987487793 0.2888703727722168 0.2287605094909668 0.2879292297363281 0.22825334548950196 0.7363340759277344
0 0.3913639831542969 0.7267360687255859 0.3916056823730469 0.30338871002197265 0.31627378463745115 0.30294122695922854 0.3160321044921875 0.7262885284423828
5 0.481486930847168 0.7371902465820312 0.48191959381103516 0.292930908203125 0.3995125961303711 0.2920957565307617 0.3990799331665039 0.7363550567626953
15 0.5645328903198242 0.7377072906494141 0.5648993682861329 0.2955377769470215 0.48430614471435546 0.29484262466430666 0.4839396286010742 0.7370121765136719
19 0.6475627136230468 0.7352526092529297 0.64896728515625 0.3041292381286621 0.5719638061523438 0.301518611907959 0.5705591583251953 0.7326419830322266
1 0.7131480407714844 0.7388861846923828 0.713319091796875 0.3159671974182129 0.6598554992675781 0.3157422637939453 0.6596844482421875 0.7386611938476563
8 0.7970974731445313 0.7473761749267578 0.7978038024902344 0.3245945739746094 0.7248539733886719 0.32332637786865237 0.7241476440429687 0.7461080169677734
6 0.881702880859375 0.7521549987792969 0.8818708801269531 0.3305236434936523 0.8100482177734375 0.33022586822509764 0.8098802185058593 0.7518572235107421
8 0.9668595123291016 0.7593675994873047 0.967169418334961 0.3409897232055664 0.8930821990966797 0.3404186248779297 0.8927722930908203 0.7587965393066406
