22 0.20662345886230468 0.7809806823730469 0.20784671783447264 0.26958251953125 0.12850807189941407 0.26724613189697266 0.12728481292724608 0.7786443328857422
17 0.2913542938232422 0.7732478332519531 0.2924615669250488 0.26723537445068357 0.21286802291870116 0.26509111404418945 0.21176076889038087 0.7711035919189453
0 0.37615562438964845 0.7851536560058594 0.3771986389160156 0.2900752639770508 0.29960975646972654 0.28806278228759763 0.2985667037963867 0.7831411743164063
1 0.4568008041381836 0.7865751647949218 0.4577451705932617 0.2911591911315918 0.3922917556762695 0.2896230506896973 0.3913473892211914 0.7850390625
14 0.5447785949707031 0.792387466430664 0.5457757568359375 0.28336027145385745 0.46740921020507814 0.28147024154663086 0.46641204833984373 0.7904975128173828
31 0.6313076782226562 0.7889827728271485 0.6328466033935547 0.2751298332214355 0.5563864898681641 0.2723106384277344 0.554847526550293 0.7861634826660157
4 0.711845932006836 0.7935931396484375 0.7136060333251953 0.2868717384338379 0.6365881729125976 0.2835781478881836 0.634828109741211 0.7902996063232421
0 0.7972194671630859 0.7999887084960937 0.7982910919189453 0.32141460418701173 0.7221276092529297 0.3193147850036621 0.7210559844970703 0.7978889465332031
5 0.8820937347412109 0.8083871459960937 0.8828070831298828 0.30979103088378906 0.8065567779541015 0.30844778060913086 0.8058434295654296 0.8070439147949219
2 0.9657540130615234 0.8189248657226562 0.9669022369384765 0.31604814529418945 0.8888454437255859 0.3138538360595703 0.8876972198486328 0.8167304992675781
