22 0.2023563003540039 0.7055056762695312 0.20266794204711913 0.2525518798828125 0.1255970287322998 0.2519377136230469 0.12528536796569825 0.7048915100097656
17 0.28288156509399415 0.702518081665039 0.2837264633178711 0.25204790115356446 0.20983125686645507 0.2504426574707031 0.2089863395690918 0.7009128570556641
0 0.36326717376708983 0.6977898406982422 0.36379653930664063 0.26388151168823243 0.29109434127807615 0.26285425186157224 0.29056495666503906 0.6967625427246094
3 0.442255859375 0.7066950225830078 0.44306804656982424 0.2601243209838867 0.3721237945556641 0.25862995147705076 0.37131160736083985 0.7052005767822266
13 0.5225949096679687 0.7108772277832032 0.5235702896118164 0.2593602180480957 0.45154537200927736 0.2575580787658691 0.45056995391845706 0.7090751647949218
31 0.6058615875244141 0.71703369140625 0.6070394515991211 0.2645652580261231 0.5373961257934571 0.26246551513671873 0.5362183380126954 0.7149339294433594
8 0.6872864532470703 0.7104564666748047 0.6876915740966797 0.27955070495605466 0.6156908798217774 0.27876672744750974 0.6152857971191407 0.7096725463867187
1 0.7518667602539062 0.7187896728515625 0.7523135375976563 0.27938806533813476 0.700818099975586 0.2787817192077637 0.700371322631836 0.718183364868164
2 0.8335497283935547 0.7286625671386718 0.8339457702636719 0.2832947731018066 0.7610418701171875 0.2825440788269043 0.7606459045410157 0.7279117584228516
6 0.9198253631591797 0.7235077667236328 0.9200116729736328 0.29040578842163084 0.8457112121582031 0.2900354766845703 0.8455249786376953 0.7231375122070313
