22 0.21342485427856445 0.7567552185058594 0.2143585968017578 0.26234954833984375 0.13509087562561034 0.26056772232055664 0.13415712356567383 0.7549733734130859
17 0.2986934852600098 0.7635719299316406 0.29957372665405274 0.2603427696228027 0.21770910263061524 0.2586383819580078 0.21682886123657227 0.7618675231933594
0 0.3799838638305664 0.7585765075683594 0.38070446014404297 0.27469381332397463 0.3032682228088379 0.27332130432128904 0.3025476264953613 0.7572039794921875
2 0.4628990936279297 0.7637985992431641 0.46374748229980467 0.2814051818847656 0.3833142852783203 0.27972146987915036 0.3824658584594727 0.7621148681640625
16 0.5433436203002929 0.7590484619140625 0.5442249298095703 0.281176872253418 0.4677707672119141 0.2794984817504883 0.46688941955566404 0.7573701477050782
25 0.6218620681762695 0.7569927215576172 0.6229451751708984 0.2793451881408691 0.5468082427978516 0.27729019165039065 0.54572509765625 0.754937744140625
6 0.7033406066894531 0.7587615966796875 0.7039669036865235 0.2864699363708496 0.6283688354492187 0.28527679443359377 0.6277425765991211 0.7575685119628907
6 0.7816116333007812 0.7589848327636719 0.7823942565917968 0.28899446487426755 0.7102169036865235 0.28756385803222656 0.7094343566894531 0.7575541687011719
6 0.8594401550292968 0.7578069305419922 0.8600250244140625 0.29431537628173826 0.7879207611083985 0.2932322692871094 0.7873358154296874 0.7567237854003906
8 0.9381099700927734 0.7597087097167968 0.9389392852783203 0.3011267852783203 0.8656503295898438 0.29954927444458007 0.8648210906982422 0.7581311798095703
