22 0.20944557189941407 0.7355146026611328 0.20959293365478515 0.30887493133544924 0.13405850410461426 0.308603458404541 0.13391115188598632 0.7352431488037109
17 0.2932397651672363 0.7356729125976562 0.293488941192627 0.31920948028564455 0.2194545364379883 0.31874853134155273 0.21920536041259767 0.7352119445800781
0 0.375295524597168 0.7343137359619141 0.375537223815918 0.3293048858642578 0.304736442565918 0.32886520385742185 0.304494743347168 0.7338740539550781
3 0.45812198638916013 0.7422576904296875 0.4589986801147461 0.32620361328125 0.38971622467041017 0.32468448638916014 0.3888395309448242 0.740738525390625
12 0.5420662307739258 0.7450086212158203 0.5428864288330079 0.330648193359375 0.47374046325683594 0.32922393798828126 0.47292022705078124 0.7435843658447265
22 0.628162612915039 0.7485726165771485 0.6282268905639649 0.3252051162719727 0.5537211990356445 0.32508747100830077 0.5536569213867187 0.7484548950195312
9 0.7078394317626953 0.7463053894042969 0.7083849334716796 0.3396496963500977 0.6388771057128906 0.33867950439453126 0.6383316421508789 0.7453352355957031
6 0.7926326751708984 0.7385157012939453 0.7928105926513672 0.33314029693603514 0.7234864044189453 0.33282367706298827 0.7233084869384766 0.7381990814208984
1 0.8663333129882812 0.7413682556152343 0.866876220703125 0.3243115997314453 0.8175592041015625 0.3236434173583984 0.8170162963867188 0.7407000732421875
1 0.9453086090087891 0.7459394073486328 0.9459441375732421 0.31686389923095704 0.8970413970947265 0.31611003875732424 0.8964058685302735 0.7451856231689453
