22 0.19737632751464843 0.671115493774414 0.19761375427246095 0.12464893341064454 0.12278240203857421 0.12410724639892579 0.12254495620727539 0.6705738067626953
17 0.2805152320861816 0.6810872650146484 0.2815081787109375 0.13893774032592773 0.20787017822265624 0.1366908836364746 0.20687721252441407 0.6788404083251953
0 0.3644158935546875 0.6864302825927734 0.3647027587890625 0.15174158096313475 0.29614418029785156 0.15112881660461425 0.29585731506347657 0.6858174896240234
3 0.45049266815185546 0.6926760101318359 0.4506216812133789 0.1580549144744873 0.3801951217651367 0.15777185440063476 0.3800661087036133 0.6923929595947266
11 0.5358283615112305 0.6939241027832032 0.5361388778686523 0.15569069862365723 0.4628145217895508 0.15498606681823732 0.4625040054321289 0.6932194519042969
17 0.6207337188720703 0.6979090881347656 0.6214391708374023 0.1670306968688965 0.5497057342529297 0.1654427719116211 0.5490003967285156 0.6963213348388672
4 0.6324464797973632 0.7015666198730469 0.7006822204589844 0.7013941192626953 0.7006019592285156 0.17270952224731445 0.6323662567138671 0.1728820037841797
2 0.7877654266357422 0.7085079193115235 0.7879817962646485 0.1784549903869629 0.7172016143798828 0.17797357559204102 0.7169852447509766 0.7080265045166015
1 0.8602469635009765 0.7120472717285157 0.8609787750244141 0.16623329162597655 0.8133635711669922 0.16516969680786134 0.8126317596435547 0.7109836578369141
1 0.9439726257324219 0.7273365020751953 0.9447091674804687 0.18408903121948242 0.89553466796875 0.1829782485961914 0.8947981262207031 0.7262257385253906
