22 0.21328109741210938 0.7584040832519531 0.213641357421875 0.2762032699584961 0.13558682441711425 0.2754032897949219 0.1352265453338623 0.7576041412353516
17 0.29542673110961915 0.7557496643066406 0.29623052597045896 0.2805605316162109 0.21865056991577148 0.27876039505004885 0.21784677505493164 0.7539495849609374
0 0.3755376434326172 0.7473207092285157 0.37588958740234374 0.28768482208251955 0.3037181282043457 0.28692678451538084 0.3033661460876465 0.7465626525878907
2 0.4589792633056641 0.7579643249511718 0.45952980041503905 0.29277902603149414 0.3859648132324219 0.2915846633911133 0.38541427612304685 0.7567699432373047
15 0.5423162078857422 0.7477935028076171 0.5433038330078125 0.2759099006652832 0.4705407333374023 0.2738207244873047 0.4695530319213867 0.7457042694091797
33 0.6276457214355469 0.7604263305664063 0.628161964416504 0.281251220703125 0.5516134643554688 0.2801199531555176 0.5510972213745117 0.7592950439453126
3 0.7068903350830078 0.7535305786132812 0.7075795745849609 0.2901661109924316 0.6356597518920899 0.2886985206604004 0.6349704360961914 0.7520629119873047
1 0.7724886322021485 0.7598870086669922 0.7727457427978516 0.2910305595397949 0.7193436431884765 0.29062875747680667 0.7190865325927734 0.7594851684570313
5 0.8592877960205079 0.7581015777587891 0.8593292999267578 0.28206964492797854 0.7818489837646484 0.2819770622253418 0.7818074798583985 0.7580089569091797
9 0.9390827178955078 0.7627389526367188 0.9394361114501953 0.2998182678222656 0.8658820343017578 0.299047908782959 0.8655286407470704 0.7619685363769532
