22 0.22262109756469728 0.5870200347900391 0.22286760330200195 0.028903028964996337 0.14959269523620605 0.028291184902191163 0.14934617042541504 0.5864081954956055
17 0.303039608001709 0.6048194885253906 0.3039475631713867 0.048986496925354006 0.2326505470275879 0.04678487777709961 0.23174257278442384 0.6026178741455078
0 0.3855957794189453 0.5923195648193359 0.3861308288574219 0.04820535182952881 0.31846315383911133 0.04694750308990479 0.31792808532714845 0.5910617065429687
1 0.4620750045776367 0.6067977523803711 0.46275997161865234 0.049031944274902345 0.4107954788208008 0.04782554626464844 0.41011051177978514 0.6055914306640625
14 0.5559059524536133 0.6172746276855469 0.5564105987548829 0.02725858211517334 0.48073509216308596 0.026034977436065674 0.48023040771484377 0.6160510635375976
31 0.6339355087280274 0.6144392395019531 0.6347974395751953 0.04929422378540039 0.5703746795654296 0.04743683815002441 0.5695126724243164 0.6125818634033203
8 0.7163565063476562 0.601084098815918 0.7170600891113281 0.05886390686035156 0.6520391845703125 0.05726907253265381 0.6513356018066406 0.5994892883300781
8 0.798392562866211 0.6104072952270507 0.7989322662353515 0.060878233909606935 0.7341016387939453 0.059674739837646484 0.7335619354248046 0.609203758239746
0 0.8818474578857421 0.6098418426513672 0.8822657012939453 0.05741061210632324 0.8157712554931641 0.056458845138549804 0.8153530120849609 0.6088900756835938
1 0.9609112548828125 0.6212357330322266 0.9616334533691406 0.047978835105896 0.9115138244628906 0.04678524971008301 0.9107916259765625 0.6200421524047851
