22 0.1441314697265625 0.715680923461914 0.22012252807617189 0.7149463653564453 0.21983083724975586 0.36927745819091795 0.14383978843688966 0.3700120544433594
17 0.2891080665588379 0.7157410430908203 0.2894984245300293 0.37588436126708985 0.21956838607788087 0.3749642562866211 0.21917804718017578 0.7148209381103515
0 0.39932315826416015 0.7321168518066407 0.3997406768798828 0.3893305969238281 0.3342768096923828 0.3884171676635742 0.3338592910766602 0.731203384399414
4 0.46414085388183596 0.7365691375732422 0.4648751449584961 0.4024051284790039 0.40217742919921873 0.40082679748535155 0.4014431381225586 0.7349907684326172
15 0.5855421447753906 0.736129150390625 0.5862840270996094 0.3866102981567383 0.5175440979003906 0.38493900299072265 0.5168021774291992 0.7344578552246094
31 0.6495697021484375 0.7320834350585937 0.6502482604980468 0.3877996063232422 0.587549934387207 0.3863838195800781 0.586871337890625 0.7306676483154297
7 0.7593916320800781 0.7329866790771484 0.7601885986328125 0.39060096740722655 0.6988287353515625 0.38896472930908205 0.6980317687988281 0.7313504791259766
2 0.8149181365966797 0.7239549255371094 0.8158736419677735 0.40439769744873044 0.7590470123291015 0.402451171875 0.7580915069580079 0.7220083618164063
8 0.8723857879638672 0.7179127502441406 0.8731120300292968 0.4025583267211914 0.8173013305664063 0.40108619689941405 0.8165750885009766 0.7164405822753906
8 0.9311044311523438 0.7166474151611328 0.9317182159423828 0.3958676528930664 0.8758596801757812 0.3946433258056641 0.8752458953857422 0.7154231262207031
