22 0.17040307998657225 0.7131611633300782 0.1709916877746582 0.19611709594726562 0.09363430023193359 0.19490901947021486 0.09304567337036133 0.7119532012939453
17 0.2579901885986328 0.7127861022949219 0.2585679817199707 0.19588478088378905 0.18049369812011717 0.19468759536743163 0.17991588592529298 0.7115888977050782
0 0.3415634918212891 0.7001823425292969 0.3421133422851563 0.2070859909057617 0.2713308906555176 0.20600317001342774 0.27078100204467775 0.6990995788574219
4 0.4285215759277344 0.717491455078125 0.42925392150878905 0.19954736709594725 0.35626678466796874 0.19813167572021484 0.35553443908691407 0.7160757446289062
20 0.518416748046875 0.7160054016113281 0.5191073989868165 0.1864333152770996 0.44116016387939455 0.18503890991210936 0.44046955108642577 0.7146109771728516
32 0.608915138244629 0.7200596618652344 0.6101257705688476 0.20117082595825195 0.531202392578125 0.1986449432373047 0.5299917602539063 0.7175337982177734
3 0.6961006164550781 0.7198834228515625 0.6965045166015625 0.21115554809570314 0.6212860488891602 0.2103363037109375 0.6208821105957031 0.7190642547607422
1 0.7196672821044922 0.7308351135253907 0.7772872161865234 0.7308157348632812 0.777274398803711 0.21077402114868163 0.7196544647216797 0.210793399810791
8 0.8673421478271485 0.7219505310058594 0.8680689239501953 0.22404037475585936 0.7963472747802735 0.22260427474975586 0.7956204986572266 0.7205144500732422
4 0.9505126190185547 0.718906021118164 0.9517093658447265 0.21805526733398437 0.8821567535400391 0.2157755661010742 0.8809600067138672 0.716626205444336
