22 0.14588800430297852 0.7445970153808594 0.22721092224121095 0.7444463348388672 0.2271345329284668 0.2974163246154785 0.1458116054534912 0.2975669479370117
17 0.31185298919677734 0.7462423706054687 0.31202781677246094 0.3056269836425781 0.2329498291015625 0.3052869987487793 0.23277502059936522 0.7459024047851562
0 0.3972325897216797 0.748741226196289 0.39757217407226564 0.31628019332885743 0.31980844497680666 0.3156184768676758 0.3194689178466797 0.748079605102539
1 0.4638852310180664 0.7502796173095703 0.4644242477416992 0.31299877166748047 0.41129337310791014 0.3122890090942383 0.4107543563842773 0.7495698547363281
13 0.5478114318847657 0.7509349060058593 0.548823356628418 0.31165462493896484 0.4720027923583984 0.3097367668151855 0.47099090576171876 0.749017105102539
33 0.6327096176147461 0.7539131927490235 0.6337461471557617 0.3089436531066895 0.5569822692871094 0.307005615234375 0.555945701599121 0.7519751739501953
9 0.7115296936035156 0.7430323028564453 0.7118062591552734 0.3139316368103027 0.639080467224121 0.3134236717224121 0.6388039398193359 0.7425243377685546
8 0.7903814697265625 0.7310411834716797 0.7912410736083985 0.30897478103637693 0.7211940002441406 0.3074283981323242 0.7203343200683594 0.729494857788086
1 0.8544772338867187 0.7236096954345703 0.8552493286132813 0.2889410018920898 0.8040890502929687 0.2879561233520508 0.8033169555664063 0.7226248931884766
2 0.9342379760742188 0.7240814971923828 0.9346343994140625 0.2922453498840332 0.8623497772216797 0.29152641296386717 0.8619535064697266 0.7233626556396484
