22 0.19695085525512696 0.7513133239746094 0.1971622085571289 0.2439202308654785 0.11833001136779785 0.2434873390197754 0.11811864852905274 0.7508804321289062
17 0.2841193771362305 0.7516228485107422 0.28460498809814455 0.2507785224914551 0.20540557861328124 0.24976615905761718 0.2049199104309082 0.7506105041503907
0 0.3708010101318359 0.7526187896728516 0.37120548248291013 0.26131004333496094 0.2947258949279785 0.2604800796508789 0.2943214225769043 0.7517887878417969
1 0.4457843017578125 0.762113265991211 0.44594852447509764 0.26121002197265625 0.3921839141845703 0.26097774505615234 0.39201969146728516 0.7618809509277343
14 0.5460753631591797 0.7657490539550781 0.5465523529052735 0.2446097755432129 0.4630826187133789 0.24360244750976562 0.46260555267333986 0.7647417449951172
31 0.6285981369018555 0.7580525207519532 0.6294314193725586 0.2564858436584473 0.5584121322631836 0.25493038177490235 0.5575788497924805 0.7564971160888672
6 0.6407614898681641 0.7536553192138672 0.7140929412841797 0.7532841491699219 0.7139067077636718 0.2681882095336914 0.6405752563476562 0.2685594177246094
8 0.7992912292480469 0.7561002349853516 0.7996266937255859 0.27421865463256834 0.7275189971923828 0.27355701446533204 0.7271835327148437 0.7554385375976562
8 0.8844551086425781 0.7580696105957031 0.8846229553222656 0.27613746643066406 0.8125414276123046 0.2758064842224121 0.8123735809326171 0.7577384948730469
2 0.9689400482177735 0.772347183227539 0.9690231323242188 0.27463254928588865 0.8941339874267578 0.27446788787841797 0.8940509796142578 0.7721824645996094
