22 0.2192686080932617 0.7754071807861328 0.21944664001464845 0.310297908782959 0.14379547119140626 0.30994140625 0.14361743927001952 0.7750507354736328
17 0.30143482208251954 0.7776378631591797 0.3024201774597168 0.3195983505249023 0.2282147789001465 0.3176329803466797 0.22722940444946288 0.7756724548339844
0 0.3836112594604492 0.7839504241943359 0.3842251968383789 0.32929603576660155 0.31336685180664064 0.32811798095703126 0.31275293350219724 0.782772445678711
2 0.4655573654174805 0.7931774139404297 0.46599254608154295 0.33985099792480467 0.3961019515991211 0.3390250015258789 0.3956667709350586 0.7923514556884765
16 0.5501897430419922 0.7887001037597656 0.5510578155517578 0.3398163986206055 0.48320205688476564 0.33820079803466796 0.482333984375 0.7870845031738282
17 0.6337674713134765 0.7960912322998047 0.6346995162963868 0.33775882720947265 0.5619927597045898 0.33593852996826173 0.5610607147216797 0.7942708587646484
6 0.7157908630371094 0.796474838256836 0.715858154296875 0.3454607009887695 0.6476669311523438 0.34533531188964844 0.6475996398925781 0.7963493347167969
9 0.7955758666992188 0.8026335144042969 0.7963249206542968 0.34740535736083983 0.7289549255371094 0.3460406494140625 0.7282058715820312 0.8012688446044922
2 0.8787665557861328 0.8111902618408203 0.8792217254638672 0.3531260681152344 0.8086254119873046 0.35226245880126955 0.8081702423095704 0.8103266143798828
1 0.9459181976318359 0.8047906494140625 0.9465186309814453 0.3382149887084961 0.8977306365966797 0.33744216918945313 0.8971302032470703 0.8040177917480469
