22 0.2068263816833496 0.7400798034667969 0.20708126068115235 0.28817405700683596 0.11660371780395508 0.28767234802246094 0.11634882926940918 0.7395780944824218
17 0.2953041458129883 0.7405982971191406 0.2959829521179199 0.29767459869384766 0.21146533966064454 0.29640113830566406 0.2107865333557129 0.7393248748779296
0 0.38408390045166013 0.7455473327636719 0.3843937683105469 0.3056932067871094 0.30212371826171874 0.3051233673095703 0.30181381225585935 0.7449774169921874
1 0.45321662902832033 0.7414144134521484 0.4534659576416016 0.30284770965576174 0.39710182189941406 0.30253263473510744 0.3968524932861328 0.7410993957519532
13 0.5397121810913086 0.7360585784912109 0.5402705764770508 0.29112863540649414 0.4573136520385742 0.2901050758361816 0.4567552947998047 0.7350350189208984
25 0.6230896759033203 0.7302385711669922 0.6238978958129883 0.29805521011352537 0.5448272705078125 0.29660125732421877 0.5440190505981445 0.7287847137451172
4 0.7075318145751953 0.7350951385498047 0.7088921356201172 0.28348556518554685 0.6270964813232421 0.281063175201416 0.6257362365722656 0.7326727294921875
4 0.7902935791015625 0.7242662048339844 0.7917288970947266 0.2805014228820801 0.7131832885742188 0.27800348281860354 0.7117479705810547 0.7217683410644531
3 0.8719609069824219 0.7126427459716796 0.8730562591552734 0.2802970695495606 0.7995008087158203 0.27846485137939453 0.7984054565429688 0.710810546875
5 0.9569281005859375 0.7064000701904297 0.9579882049560546 0.25898855209350585 0.8769889831542969 0.2571016502380371 0.8759288787841797 0.7045131683349609
