22 0.20289377212524415 0.7961381530761719 0.20303472518920898 0.25462060928344726 0.12100282669067383 0.2542881011962891 0.12086186408996583 0.7958056640625
17 0.29040515899658204 0.7976998138427734 0.2906827926635742 0.26144769668579104 0.2088934326171875 0.2607883834838867 0.2086157989501953 0.7970404815673828
0 0.3758258056640625 0.7910353088378906 0.37615264892578126 0.273469123840332 0.2979220199584961 0.27269979476928713 0.2975951385498047 0.7902659606933594
5 0.466585693359375 0.7948875427246094 0.4668423080444336 0.2601877212524414 0.3837494659423828 0.25956695556640624 0.3834928894042969 0.7942667388916016
12 0.5479384231567382 0.7908304595947265 0.5488940048217773 0.27487457275390625 0.472301139831543 0.2726657485961914 0.4713455581665039 0.7886217498779297
22 0.6364570236206055 0.7958391571044922 0.6367251968383789 0.27127662658691404 0.5549741363525391 0.2706258583068848 0.5547059249877929 0.7951883697509765
2 0.7163074493408204 0.795731201171875 0.7169850158691407 0.2757540702819824 0.6400363922119141 0.2741928482055664 0.6393588256835937 0.7941699981689453
9 0.8014524841308593 0.78848388671875 0.8017564392089844 0.26703712463378904 0.7241705322265625 0.266333065032959 0.7238665771484375 0.7877798461914063
2 0.8051357269287109 0.7855088806152344 0.8833808135986329 0.7853921508789062 0.8833310699462891 0.26536863327026367 0.8050859832763672 0.2654852867126465
9 0.9581330871582031 0.780707778930664 0.9590281677246094 0.2551434326171875 0.8896916198730469 0.25330463409423826 0.8887965393066406 0.7788690185546875
