22 0.1923876190185547 0.7129354858398438 0.1924053382873535 0.25104736328125 0.11051182746887207 0.2510103797912598 0.11049408912658691 0.7128986358642578
17 0.2775962638854981 0.7093033599853515 0.27813608169555665 0.26039585113525393 0.20070798873901366 0.2593013572692871 0.20016817092895509 0.7082088470458985
0 0.36346538543701173 0.70492431640625 0.3640771484375 0.25749353408813475 0.2871895980834961 0.25625762939453123 0.2865777587890625 0.7036883544921875
2 0.4466425323486328 0.7414776611328125 0.44700572967529295 0.264902286529541 0.3719204330444336 0.264229736328125 0.3715572738647461 0.7408051300048828
16 0.5315498733520507 0.7069695281982422 0.5323100280761719 0.2578373908996582 0.4555208206176758 0.2563095474243164 0.4547607040405273 0.7054417419433594
19 0.6200889205932617 0.7210009002685547 0.6213483047485352 0.2531978988647461 0.5375832366943359 0.25054710388183593 0.5363238906860351 0.7183500671386719
7 0.7020459747314454 0.6729167938232422 0.7024787139892578 0.24380176544189452 0.6287733459472656 0.24292806625366212 0.6283406066894531 0.6720431518554687
0 0.7843199920654297 0.7008321380615234 0.7848430633544922 0.2554170799255371 0.7072000122070312 0.25434524536132813 0.7066770172119141 0.6997602844238281
4 0.864891128540039 0.704694595336914 0.8660806274414062 0.2531472778320312 0.7902620697021484 0.25079933166503904 0.7890725708007813 0.7023466491699218
8 0.9492464447021485 0.7078397369384766 0.9505001068115234 0.2551560401916504 0.8726001739501953 0.2526202583312988 0.8713465881347656 0.705303955078125
