22 0.21318490982055663 0.7429582977294922 0.21347103118896485 0.29656959533691407 0.13780411720275879 0.29603073120117185 0.13751798629760742 0.74241943359375
17 0.29633584976196287 0.7424623107910157 0.29704765319824217 0.30293018341064454 0.22386146545410157 0.3016132926940918 0.2231496810913086 0.7411454772949219
0 0.37989585876464843 0.7383570861816406 0.3800852966308594 0.30511648178100587 0.3074150466918945 0.30476335525512693 0.3072256088256836 0.7380039978027344
1 0.4546175384521484 0.7468919372558593 0.45498706817626955 0.30149024963378906 0.40390777587890625 0.30101940155029294 0.4035382080078125 0.7464210510253906
13 0.5449377822875977 0.7482244110107422 0.5458710861206054 0.3067387580871582 0.4724290084838867 0.3050138664245605 0.4714957809448242 0.7464995574951172
14 0.6325779724121093 0.7562968444824218 0.6331118774414063 0.29661777496337893 0.5564510726928711 0.29562843322753907 0.5559171295166015 0.7553074645996094
7 0.7125157928466797 0.7504374694824218 0.7132295227050781 0.3022405433654785 0.6412488555908203 0.30096691131591796 0.6405350494384766 0.7491638946533203
2 0.7928972625732422 0.7568496704101563 0.7932633972167968 0.32580562591552736 0.7219878387451172 0.325132942199707 0.7216217803955078 0.756176986694336
9 0.8758987426757813 0.7524663543701172 0.876317138671875 0.32482425689697264 0.8066749572753906 0.32406734466552733 0.8062566375732422 0.7517094421386719
6 0.9578092193603516 0.7519515228271484 0.9579950714111328 0.3318690490722656 0.889903564453125 0.331534309387207 0.8897177124023438 0.7516167449951172
