22 0.21341516494750976 0.7354090881347656 0.21346723556518554 0.256448917388916 0.13456256866455077 0.2563433074951172 0.13451048851013184 0.7353034973144531
17 0.2955644226074219 0.7394388580322265 0.2958076095581055 0.27142440795898437 0.21877386093139647 0.2709320449829102 0.2185306167602539 0.7389464569091797
0 0.37728683471679686 0.7405712127685546 0.37741813659667967 0.28550243377685547 0.30356100082397464 0.28524038314819333 0.3034297180175781 0.7403091430664063
4 0.4602203369140625 0.7669918060302734 0.4617185211181641 0.28402536392211913 0.38572025299072266 0.28112545013427737 0.3842220687866211 0.7640918731689453
22 0.5463594055175781 0.7649063110351563 0.5466970062255859 0.2936668395996094 0.46889266967773435 0.2929811859130859 0.46855506896972654 0.7642207336425781
30 0.6284695434570312 0.7681558990478515 0.6291823959350586 0.3043908500671387 0.5526776123046875 0.30294424057006836 0.5519647598266602 0.7667092895507812
0 0.7078618621826172 0.7743521881103516 0.7082522583007812 0.31892181396484376 0.6359951019287109 0.3181597328186035 0.6356046676635743 0.7735901641845703
2 0.7909553527832032 0.7899396514892578 0.791160888671875 0.3255834197998047 0.7147000885009765 0.32516700744628907 0.7144945526123047 0.7895232391357422
1 0.8568193054199219 0.7976446533203125 0.8573576354980469 0.3259254837036133 0.803651351928711 0.32517162322998044 0.8031129455566406 0.7968907928466797
0 0.9422061157226562 0.8044639587402344 0.9423943328857421 0.34160518646240234 0.8658650207519532 0.34122261047363284 0.8656768798828125 0.8040813446044922
