22 0.2164501953125 0.6710308074951172 0.21670013427734375 0.21644002914428712 0.1442412281036377 0.21594951629638673 0.14399127960205077 0.6705403137207031
17 0.298669605255127 0.6773841094970703 0.29921066284179687 0.22396903991699219 0.2259490394592285 0.22289276123046875 0.22540796279907227 0.6763078308105469
0 0.3771664047241211 0.6755917358398438 0.37758541107177734 0.23679431915283203 0.31193042755126954 0.23602249145507812 0.31151140213012696 0.6748199462890625
2 0.46068309783935546 0.6915693664550782 0.4608535385131836 0.23541101455688476 0.3907504653930664 0.23508844375610352 0.3905800247192383 0.6912467956542969
15 0.5453913116455078 0.6946103668212891 0.5463444137573242 0.22386377334594726 0.47190528869628906 0.22200834274291992 0.4709522247314453 0.6927548980712891
23 0.6260102844238281 0.6935881042480468 0.6262549591064454 0.24419692993164063 0.5521509552001953 0.2437002182006836 0.5519063568115234 0.6930914306640625
8 0.7018256378173828 0.6918623352050781 0.7021009063720703 0.25640947341918946 0.6362609100341797 0.25589694976806643 0.6359856033325195 0.6913497924804688
8 0.7819970703125 0.693688735961914 0.7820759582519531 0.25941593170166016 0.7156471252441406 0.25926748275756833 0.7155682373046875 0.6935403442382813
6 0.8615418243408203 0.6982799530029297 0.8617879486083985 0.2565692138671875 0.797045669555664 0.2561251449584961 0.7967995452880859 0.6978359985351562
9 0.9392620849609375 0.7075136566162109 0.9398077392578125 0.2646750259399414 0.8768513488769532 0.2637199974060059 0.8763056945800781 0.7065586090087891
