22 0.18130014419555665 0.800712661743164 0.1824372863769531 0.2610894775390625 0.09525796890258789 0.2585489463806152 0.09412084579467773 0.7981721496582032
17 0.26514989852905274 0.7958503723144531 0.26632686614990236 0.26103179931640624 0.18328231811523438 0.25850448608398435 0.18210533142089844 0.7933230590820313
0 0.3490741729736328 0.7985679626464843 0.3502895736694336 0.2675639152526855 0.27362855911254885 0.2651372909545898 0.27241315841674807 0.796141357421875
1 0.43049671173095705 0.7998903656005859 0.43131557464599607 0.2567826461791992 0.3717014312744141 0.2555396842956543 0.370882568359375 0.7986473846435547
31 0.5167209420300785 0.8065922546386719 0.5180888543225589 0.2498188018798828 0.4427951989270511 0.24726064682006835 0.4414273629285159 0.8040340423583985
10 0.599742546081543 0.7960030364990235 0.6010891342163086 0.2588005447387695 0.5267932510375977 0.25622522354125976 0.5254467010498047 0.7934276580810546
9 0.6894943237304687 0.8040863800048829 0.6905015563964844 0.26316368103027343 0.6137747192382812 0.26118782043457034 0.6127675247192382 0.8021105194091797
3 0.7746638488769532 0.8018730163574219 0.7755267333984375 0.26845458984375 0.7007545471191406 0.26678192138671875 0.6998917388916016 0.8002002716064454
0 0.8578669738769531 0.7965895843505859 0.8584700012207032 0.28463851928710937 0.7837694549560547 0.28342187881469727 0.78316650390625 0.7953729248046875
9 0.9439801788330078 0.8044416809082031 0.9453382873535157 0.2703499221801758 0.8693991088867188 0.267679386138916 0.8680410003662109 0.8017711639404297
