22 0.20781183242797852 0.7526141357421875 0.2078346824645996 0.3083481216430664 0.12635157585144044 0.3083030891418457 0.12632872581481933 0.7525690460205078
17 0.29065469741821287 0.752052001953125 0.290950813293457 0.31636816024780273 0.21212663650512695 0.3157923126220703 0.21183053970336915 0.7514761352539062
0 0.3737992858886719 0.7494866943359375 0.37410186767578124 0.33041748046875 0.2982364845275879 0.32982864379882815 0.2979338836669922 0.7488978576660156
2 0.4574304962158203 0.7622157287597656 0.45774154663085936 0.3342292022705078 0.38202735900878904 0.3336377334594727 0.38171630859375 0.7616242980957031
16 0.5409900665283203 0.7566331481933594 0.5410563278198243 0.33248058319091794 0.46681407928466795 0.33235572814941405 0.4667477798461914 0.7565082550048828
14 0.627486457824707 0.7677676391601562 0.6281560134887695 0.3223958206176758 0.5476068115234375 0.32109405517578127 0.5469372940063476 0.7664658355712891
6 0.7073226928710937 0.7644940185546875 0.7076268005371094 0.33798229217529296 0.6339869689941406 0.33741783142089843 0.6336827850341797 0.7639295196533203
2 0.7900851440429687 0.7710610198974609 0.7903866577148437 0.34378990173339846 0.7140177917480469 0.34321041107177735 0.7137162780761719 0.7704814910888672
7 0.8739896392822266 0.7776837921142579 0.8748853302001953 0.32584903717041014 0.7967658233642578 0.32418434143066405 0.795870132446289 0.7760191345214844
1 0.9425472259521485 0.7907304382324218 0.9432494354248047 0.33809719085693357 0.8845072174072266 0.3371175003051758 0.8838050079345703 0.7897506713867187
