22 0.14000727653503417 0.7642805480957031 0.14013367652893066 0.3224888229370117 0.06021494388580322 0.32224292755126954 0.06008852481842041 0.764034652709961
17 0.22743709564208983 0.7648841094970703 0.2280057907104492 0.32598392486572264 0.14772168159484864 0.32486568450927733 0.14715298652648925 0.763765869140625
0 0.32541595458984374 0.7495455932617188 0.3260633850097656 0.3210128402709961 0.25302154541015626 0.31982654571533203 0.25237407684326174 0.7483592987060547
2 0.41171951293945314 0.7594209289550782 0.4125391387939453 0.32950458526611326 0.33737075805664063 0.3279640579223633 0.33655113220214844 0.7578804016113281
14 0.5216935729980469 0.763201675415039 0.5220006561279297 0.304007568359375 0.4398984146118164 0.30341732025146484 0.4395913314819336 0.7626114654541015
27 0.6037576293945313 0.7632275390625 0.6044613265991211 0.32147865295410155 0.5268692779541015 0.320150146484375 0.5261656188964844 0.7618989562988281
5 0.7082747650146485 0.7526066589355469 0.7083742523193359 0.3082430076599121 0.6275777053833008 0.30804851531982425 0.627478256225586 0.752412109375
0 0.7895441436767578 0.7422786712646484 0.7898392486572265 0.3243621826171875 0.7160477447509765 0.32380210876464843 0.7157526397705078 0.7417185974121093
0 0.8739356994628906 0.7415627288818359 0.8741804504394531 0.3294659423828125 0.8009872436523438 0.3289986801147461 0.8007424926757812 0.7410954284667969
3 0.9561295318603515 0.7468748474121094 0.9569095611572266 0.3231790542602539 0.8823682403564453 0.32170394897460936 0.8815882110595703 0.7453997039794922
