22 0.21067977905273438 0.7601830291748047 0.21164939880371095 0.2980086898803711 0.12886738777160645 0.2960129928588867 0.1278977584838867 0.7581873321533203
17 0.2915931701660156 0.7622779846191406 0.2925761413574219 0.30517534255981443 0.21585582733154296 0.3032795524597168 0.2148728561401367 0.7603821563720703
0 0.3734110641479492 0.7575287628173828 0.37380298614501956 0.3136538887023926 0.2989830589294434 0.3128947067260742 0.2985910987854004 0.7567695617675781
2 0.457523078918457 0.7761817932128906 0.4579720687866211 0.3313008880615234 0.3824161148071289 0.33042465209960936 0.38196712493896484 0.7753054809570312
16 0.5375593185424805 0.7678524780273438 0.5384765243530274 0.3290712356567383 0.4640752029418945 0.32728416442871094 0.46315799713134764 0.7660653686523438
17 0.6247953033447265 0.7811447906494141 0.6252799606323243 0.33165321350097654 0.5464848709106446 0.33067691802978516 0.5460002517700195 0.78016845703125
3 0.7048703765869141 0.7798699951171875 0.7049346160888672 0.33237041473388673 0.6307667541503906 0.33224796295166015 0.6307024383544921 0.779747543334961
3 0.7873983764648438 0.7794915771484375 0.7877339172363281 0.33814994812011717 0.7128713989257812 0.33749603271484374 0.7125358581542969 0.7788375854492188
6 0.8702507019042969 0.7779685211181641 0.8704899597167969 0.3488871002197266 0.7973289489746094 0.34841835021972656 0.7970896911621094 0.777499771118164
8 0.9535865020751954 0.7817478942871093 0.9540389251708984 0.3436087036132813 0.8799285125732422 0.342729377746582 0.8794760894775391 0.7808685302734375
