22 0.21941143035888672 0.6662115478515624 0.21952079772949218 0.11740622520446778 0.14485762596130372 0.11714786529541016 0.1447482681274414 0.665953140258789
17 0.30146207809448244 0.6689714813232421 0.30247697830200193 0.11686125755310059 0.22894224166870117 0.11451450347900391 0.22792734146118165 0.666624755859375
0 0.38295654296875 0.6638207244873047 0.3834966278076172 0.12495359420776367 0.31268375396728515 0.1237214469909668 0.31214370727539065 0.6625885772705078
1 0.4475163269042969 0.665881118774414 0.4478038024902344 0.12174192428588868 0.39902870178222655 0.12129458427429199 0.39874122619628904 0.6654337310791015
15 0.5353359985351562 0.6660948181152344 0.5356271743774415 0.11062803268432617 0.4612648391723633 0.10995131492614746 0.4609737014770508 0.6654180908203124
11 0.6170456314086914 0.6657518005371094 0.6173389053344727 0.12445167541503906 0.5441601181030273 0.12376352310180665 0.5438669204711915 0.6650637054443359
0 0.6990691375732422 0.6616100311279297 0.6992223358154297 0.12994093894958497 0.6284608840942383 0.1295870590209961 0.6283076858520508 0.6612561798095703
9 0.7816795349121094 0.6633203887939453 0.7819857788085938 0.11973234176635743 0.7113348388671875 0.1190412425994873 0.7110285949707031 0.6626293182373046
7 0.8653041839599609 0.6670844268798828 0.8656777191162109 0.11156558990478516 0.7931587982177735 0.11071911811828614 0.7927852630615234 0.6662380218505859
7 0.9484732818603515 0.6712443542480468 0.9489566802978515 0.1128407096862793 0.8747249603271484 0.11172514915466308 0.8742415618896484 0.6701287841796875
