22 0.2069159507751465 0.8243192291259765 0.20808469772338867 0.31492057800292966 0.12760038375854493 0.3127605056762695 0.12643165588378907 0.8221591186523437
17 0.2971304321289063 0.834836654663086 0.298349552154541 0.27476680755615235 0.21643430709838868 0.27268108367919924 0.21521516799926757 0.8327510070800781
0 0.3820498275756836 0.8069164276123046 0.3830562210083008 0.30685689926147464 0.3037116813659668 0.30498891830444336 0.3027052307128906 0.8050484466552734
2 0.4675934982299805 0.7929073333740234 0.4688410186767578 0.2954037475585938 0.38931739807128907 0.2930710601806641 0.38806983947753904 0.7905746459960937
15 0.5539673614501953 0.7902708435058594 0.5553224563598633 0.2923162841796875 0.47576541900634767 0.28978370666503905 0.4744102478027344 0.7877382659912109
30 0.6415587615966797 0.7905473327636718 0.6431867218017578 0.28378700256347655 0.5598736953735352 0.2806561279296875 0.558245735168457 0.7874163818359375
6 0.7198430633544922 0.7773120880126954 0.7211969757080078 0.2993825912475586 0.6503218078613281 0.2970338439941406 0.6489678955078125 0.7749632263183593
0 0.8041647338867187 0.775928726196289 0.8055865478515625 0.30582862854003906 0.7318235015869141 0.303218994140625 0.7304016876220704 0.773319091796875
8 0.8856340789794922 0.7721822357177734 0.886928939819336 0.29502578735351564 0.8129010009765625 0.2926758193969727 0.8116060638427735 0.7698322296142578
3 0.9693833923339844 0.7698983001708984 0.9705042266845703 0.2725850677490234 0.8937970733642578 0.270562686920166 0.8926763153076172 0.7678759002685547
