22 0.19856544494628905 0.7257632446289063 0.1994578170776367 0.2578414344787598 0.12055207252502441 0.256098575592041 0.11965968132019043 0.7240203857421875
17 0.28547863006591795 0.7279151153564453 0.2856766891479492 0.2665522003173828 0.20827312469482423 0.26616731643676755 0.20807504653930664 0.7275302124023437
0 0.37116954803466795 0.7262398529052735 0.37145252227783204 0.2791205596923828 0.29638185501098635 0.27857032775878904 0.29609888076782226 0.7256896209716797
3 0.4553639221191406 0.7410350036621094 0.45648654937744143 0.282317008972168 0.3822610855102539 0.2802130889892578 0.38113845825195314 0.7389310455322265
13 0.5418387222290039 0.7466226959228516 0.5419789123535156 0.2791649055480957 0.4654060745239258 0.278898983001709 0.4652659225463867 0.7463568115234375
16 0.6287501525878906 0.7482001495361328 0.628833999633789 0.29111715316772463 0.5532904815673828 0.2909564590454102 0.5532065200805664 0.7480394744873047
9 0.7141605377197265 0.7479454040527344 0.714271240234375 0.29753795623779294 0.638552474975586 0.29732259750366213 0.6384418487548829 0.7477301025390625
9 0.7997077178955078 0.7531551361083985 0.7998568725585937 0.3039735221862793 0.7247406005859375 0.30368459701538086 0.7245915222167969 0.7528662109375
7 0.8844478607177735 0.7609423828125 0.8845867156982422 0.2949910545349121 0.807193603515625 0.29472402572631834 0.807054672241211 0.7606753540039063
2 0.969058837890625 0.7758819580078125 0.9693518829345703 0.3163937568664551 0.8927410125732422 0.3158280944824219 0.8924480438232422 0.7753162384033203
