22 0.14879694938659668 0.7236269378662109 0.14906554222106932 0.364727668762207 0.07323565483093261 0.36405296325683595 0.07296706676483154 0.7229522705078125
17 0.22230281829833984 0.715253677368164 0.22247196197509767 0.3707555389404297 0.1500716018676758 0.3703329086303711 0.14990245819091796 0.7148310852050781
0 0.33759048461914065 0.7304498291015625 0.33813674926757814 0.3715183639526367 0.2721982955932617 0.37032501220703123 0.27165199279785157 0.7292565155029297
2 0.4068961334228516 0.7386772918701172 0.40764900207519533 0.3839053726196289 0.3397301483154297 0.38219154357910157 0.33897727966308594 0.7369634246826172
13 0.5337565612792968 0.7432604217529297 0.5342271804809571 0.38805973052978515 0.4597459411621094 0.3868862533569336 0.45927528381347654 0.7420869445800782
28 0.605618667602539 0.748040542602539 0.6057286071777344 0.4023676681518555 0.5366026306152344 0.4021061706542969 0.536492691040039 0.7477790832519531
1 0.7149908447265625 0.7603213500976562 0.7157928466796875 0.4106460952758789 0.6559994506835938 0.40901554107666016 0.6551974487304687 0.7586907958984375
4 0.7828337097167969 0.7542182159423828 0.7832832336425781 0.4119477844238281 0.7226527404785156 0.41100082397460935 0.7222032165527343 0.7532712554931641
4 0.8518534851074219 0.7708908081054687 0.8518562316894531 0.4074773406982422 0.788267822265625 0.40747169494628904 0.7882650756835937 0.7708850860595703
1 0.9196538543701172 0.7771057891845703 0.9200888824462891 0.42436721801757815 0.8558138275146484 0.42342472076416016 0.8553787994384766 0.7761632537841797
