22 0.20389413833618164 0.7660035705566406 0.2051798439025879 0.28549766540527344 0.12435810089111328 0.2832572555541992 0.12307242393493652 0.7637631988525391
17 0.294646053314209 0.773067855834961 0.2957068061828613 0.2944861602783203 0.2144818878173828 0.29262102127075196 0.21342115402221679 0.7712026977539063
0 0.38066680908203127 0.7783164215087891 0.3816360092163086 0.3079311180114746 0.303070011138916 0.3062540817260742 0.30210086822509763 0.776639404296875
1 0.46394012451171873 0.7817593383789062 0.4651044845581055 0.3064632987976074 0.4003165817260742 0.3048190498352051 0.3991522216796875 0.7801150512695313
13 0.5540570068359375 0.7716665649414063 0.5551934814453126 0.31001680374145507 0.47641841888427733 0.3080075454711914 0.47528194427490233 0.7696572875976563
29 0.6412332916259765 0.7737739562988282 0.6427097320556641 0.3109390068054199 0.5678840255737305 0.30846601486206054 0.5664075469970703 0.7713009643554688
5 0.7314789780650658 0.7886779314851108 0.7310902073153386 0.30763510508080055 0.6496627475985417 0.3011159018947654 0.6466268589266667 0.7821587664460484
6 0.8137311553955078 0.7806895446777343 0.8146731567382812 0.32298892974853516 0.7430622100830078 0.3214619827270508 0.742120132446289 0.77916259765625
3 0.9012921905517578 0.7824516296386719 0.902162857055664 0.312454948425293 0.824173583984375 0.31095802307128906 0.8233029174804688 0.7809547424316406
5 0.9883154296875 0.7773252868652344 0.9891897583007813 0.3071138572692871 0.9108988189697266 0.3056056213378906 0.9100244903564453 0.7758170318603516
