22 0.23076828002929686 0.7809616851806641 0.2308500289916992 0.2995225143432617 0.1571214008331299 0.2993549919128418 0.1570396614074707 0.7807942199707031
17 0.3133914566040039 0.7814181518554687 0.313631649017334 0.30349916458129883 0.24073646545410157 0.30300914764404296 0.24049625396728516 0.7809281158447265
0 0.3944709777832031 0.7690435028076172 0.39470836639404294 0.30033370971679685 0.3254234313964844 0.2998642921447754 0.32518604278564456 0.7685740661621093
2 0.4747188949584961 0.7866181945800781 0.4753850555419922 0.30332183837890625 0.40601219177246095 0.3020430564880371 0.4053460693359375 0.78533935546875
14 0.5614363479614258 0.788575668334961 0.5620204925537109 0.28690031051635745 0.485840950012207 0.2857140350341797 0.48525688171386716 0.7873893737792969
25 0.6392979049682617 0.7828579711914062 0.6398955154418945 0.29815021514892576 0.5686078643798829 0.29697465896606445 0.56801025390625 0.7816823577880859
7 0.7227447509765625 0.7824507141113282 0.7229701995849609 0.2883811569213867 0.6503030395507813 0.28793758392333985 0.6500776672363281 0.7820070648193359
7 0.803500747680664 0.7781364440917968 0.8042249298095703 0.2832764434814453 0.732994613647461 0.2818823432922363 0.7322704315185546 0.7767423248291015
1 0.8785018157958985 0.7787130737304687 0.8790447235107421 0.290674991607666 0.8242197418212891 0.28985918045043946 0.8236769104003906 0.7778972625732422
1 0.9586177825927734 0.7809346008300782 0.959173812866211 0.28837177276611325 0.9051092529296875 0.2875555419921875 0.9045532989501953 0.780118408203125
