22 0.22437629699707032 0.6924398803710937 0.2245516586303711 0.24338876724243164 0.15104693412780762 0.24305896759033202 0.15087159156799315 0.6921099090576172
17 0.30572134017944336 0.69950927734375 0.3066478157043457 0.25410587310791016 0.2331281089782715 0.2523486328125 0.23220163345336914 0.6977520751953125
0 0.38332595825195315 0.6937312316894532 0.3841055297851563 0.2624421691894531 0.31523340225219726 0.26101165771484375 0.31445377349853515 0.6923007202148438
2 0.46408973693847655 0.7029641723632812 0.46442825317382813 0.2651505470275879 0.39346221923828123 0.2645201110839844 0.3931237030029297 0.702333755493164
15 0.5457093811035156 0.6989796447753907 0.546733512878418 0.24784435272216798 0.4731870651245117 0.2459258270263672 0.4721628952026367 0.6970610809326172
33 0.6294538879394531 0.7039613342285156 0.6302602767944336 0.2558372116088867 0.5528395080566406 0.2542363166809082 0.5520331954956055 0.7023604583740234
1 0.6890265655517578 0.7047975921630859 0.6898995208740234 0.27301496505737305 0.6424160003662109 0.2719118881225586 0.6415430450439453 0.7036946105957032
5 0.7745206451416016 0.7089451599121094 0.7751329803466797 0.253042049407959 0.6986032867431641 0.2518608474731445 0.697990951538086 0.7077639007568359
1 0.8389528656005859 0.7151331329345703 0.8394361114501954 0.26619955062866213 0.7852880096435547 0.26552978515625 0.7848047637939453 0.7144633483886719
3 0.9188013458251953 0.7115365600585938 0.9195670318603516 0.2742089080810547 0.8503379058837891 0.27281621932983396 0.8495722198486328 0.7101438903808593
