22 0.1273059368133545 0.7601166534423828 0.20508623123168945 0.7597969055175782 0.2049168586730957 0.29475290298461915 0.1271365737915039 0.29507261276245117
17 0.28990026473999025 0.7620710754394531 0.2900813865661621 0.3002859878540039 0.21358686447143554 0.2999474334716797 0.21340576171875 0.7617324829101563
0 0.3733528137207031 0.7623044586181641 0.37367427825927735 0.30739593505859375 0.30221187591552734 0.30682600021362305 0.3018904685974121 0.7617344665527344
3 0.45810909271240235 0.7639395904541015 0.45914875030517577 0.31116073608398437 0.3886841583251953 0.30933481216430664 0.38764450073242185 0.7621136474609375
13 0.5423590087890625 0.76553466796875 0.5431766510009766 0.30799633026123047 0.47150062561035155 0.30655080795288087 0.4706829833984375 0.7640892028808594
10 0.6255849456787109 0.7682553100585937 0.6265767288208007 0.3027380180358887 0.5576443481445312 0.3010806465148926 0.5566526031494141 0.766597900390625
2 0.7123474884033203 0.7715657806396484 0.7130542755126953 0.3193489646911621 0.6412197875976563 0.3180821228027344 0.6405130767822266 0.7702989196777343
8 0.7972802734375 0.7564134979248047 0.7977879333496094 0.3182175827026367 0.7275064086914063 0.31729846954345703 0.7269986724853515 0.755494384765625
1 0.8732705688476563 0.7717958068847657 0.8737403869628906 0.3072308921813965 0.8228297424316406 0.3066498565673828 0.822359848022461 0.7712147521972657
7 0.9636287689208984 0.7682178497314454 0.963864974975586 0.3033028221130371 0.8896991729736328 0.3028775978088379 0.8894630432128906 0.7677926635742187
