22 0.2135734176635742 0.7396634674072265 0.21382881164550782 0.2750885200500488 0.13784332275390626 0.2746465873718262 0.137587890625 0.7392214965820313
17 0.29941574096679685 0.7391630554199219 0.2999333953857422 0.28200372695922854 0.22555587768554688 0.28111270904541014 0.22503822326660156 0.7382720184326171
0 0.38281391143798826 0.7371016693115234 0.38327354431152344 0.28879791259765625 0.31356632232666015 0.2880417442321777 0.313106689453125 0.736345443725586
1 0.46459407806396485 0.7452596282958984 0.4650982666015625 0.27995542526245115 0.4068168258666992 0.2792872428894043 0.4063125991821289 0.7445914459228515
13 0.5553647994995117 0.7452960968017578 0.5560758209228516 0.28639873504638674 0.48167411804199217 0.28517908096313477 0.480963134765625 0.7440763854980469
29 0.647574462890625 0.75006591796875 0.6476383972167968 0.28961912155151365 0.5717999267578125 0.2895077133178711 0.5717360305786133 0.7499545288085937
9 0.7245632171630859 0.7540874481201172 0.7251448822021485 0.3043718910217285 0.6569603729248047 0.3034388732910156 0.6563787078857422 0.7531543731689453
2 0.8099421691894532 0.7572761535644531 0.8101691436767579 0.3057689666748047 0.7382022857666015 0.30538631439208985 0.7379753875732422 0.756893539428711
4 0.8914250946044922 0.7605625915527344 0.8925663757324219 0.307643985748291 0.8231562805175782 0.30579366683959963 0.8220149993896484 0.7587123107910156
0 0.9782487487792969 0.7594313049316406 0.9786416625976563 0.3128373718261719 0.9103127288818359 0.3122013854980469 0.9099198150634765 0.7587953186035157
