22 0.07042782826593136 0.7888483086802234 0.18504218125947877 0.7794341212196402 0.18739988892937187 0.37342179396693076 0.06936087651422237 0.3912923470713367
17 0.1968463897705078 0.7675876617431641 0.28967914581298826 0.7672547912597656 0.28958740234375 0.41624202728271487 0.19675464630126954 0.4165748977661133
0 0.38483165740966796 0.7616699981689453 0.38536701202392576 0.41955326080322264 0.3246548080444336 0.4182500457763672 0.3241194534301758 0.7603668212890625
2 0.4470056915283203 0.7638451385498047 0.4475232696533203 0.4225901031494141 0.38966758728027345 0.4213865280151367 0.3891500091552734 0.7626415252685547
13 0.570821418762207 0.7735340118408203 0.5709691619873047 0.4206670379638672 0.48736083984375 0.42018680572509765 0.48721305847167967 0.7730537414550781
35 0.6602637481689453 0.7780239105224609 0.6603501129150391 0.41577003479003904 0.5784749221801758 0.4155023193359375 0.578388557434082 0.7777561187744141
0 0.7531546020507812 0.7695517730712891 0.7536874389648438 0.4229191970825195 0.6934797668457031 0.42164958953857423 0.6929469299316406 0.7682821655273437
3 0.8131000518798828 0.7657208251953125 0.8138523101806641 0.42541961669921874 0.7577060699462891 0.423717155456543 0.7569538116455078 0.7640183258056641
1 0.8708697509765625 0.7617324829101563 0.871593017578125 0.43709209442138675 0.828101806640625 0.43576290130615236 0.8273785400390625 0.7604032135009766
2 0.9424142456054687 0.7669202423095703 0.9429669189453125 0.4271095275878906 0.8806944274902344 0.42572013854980467 0.8801417541503906 0.7655308532714844
