22 0.1288615894317627 0.7300100708007813 0.20389493942260742 0.7299356079101562 0.20385578155517578 0.2569781494140625 0.12882241249084472 0.2570526313781738
17 0.28926614761352537 0.7313165283203125 0.28952434539794925 0.2559340286254883 0.2142327308654785 0.2554438400268555 0.21397457122802735 0.730826416015625
0 0.3725155258178711 0.7328385925292968 0.37277851104736326 0.2666080665588379 0.3043897247314453 0.2661456108093262 0.3041267395019531 0.7323762512207032
1 0.451823844909668 0.7367201232910157 0.4519528579711914 0.25385581970214843 0.3960814666748047 0.2536768341064453 0.3959524154663086 0.7365410614013672
13 0.5416455078125 0.7309954833984375 0.5427336883544922 0.25229042053222656 0.47042896270751955 0.25031984329223633 0.4693408203125 0.7290248870849609
25 0.6270452117919922 0.7326669311523437 0.6279060363769531 0.25175138473510744 0.5542424774169922 0.2501706695556641 0.5533817291259766 0.7310862731933594
1 0.7050704193115235 0.7325040435791016 0.7060198974609375 0.2445726776123047 0.6461723327636719 0.24317649841308595 0.6452229309082032 0.7311078643798828
9 0.7911468505859375 0.7268716430664063 0.7913217247790982 0.5927546056915841 0.7917546844482422 0.26070293426513674 0.7250172424316407 0.2596598243713379 0.7244094085693359 0.7258285522460938
9 0.8740480804443359 0.7307359313964844 0.8746259307861328 0.26979156494140627 0.8088211059570313 0.268802604675293 0.8082431793212891 0.7297469329833984
8 0.9561483001708985 0.7279111480712891 0.9566084289550781 0.2717395782470703 0.8913970184326172 0.27095096588134765 0.8909368133544922 0.7271224975585937
