22 0.2071763038635254 0.7223374938964844 0.20831573486328125 0.2498558807373047 0.1285536766052246 0.2477244567871094 0.12741427421569823 0.7202060699462891
17 0.2937620544433594 0.7458409118652344 0.2948493003845215 0.2585160827636719 0.2124478340148926 0.25647893905639646 0.21136054992675782 0.7438037872314454
0 0.3760372543334961 0.73984619140625 0.3770792007446289 0.2897835922241211 0.29907073974609377 0.2877824020385742 0.2980288314819336 0.7378450012207032
3 0.459244384765625 0.7523898315429688 0.4604108428955078 0.2927088737487793 0.3831044387817383 0.29053512573242185 0.3819380187988281 0.750216064453125
14 0.5460649108886719 0.7664802551269532 0.547155990600586 0.292703742980957 0.46723358154296873 0.2906641006469727 0.4661424255371094 0.7644406127929687
16 0.62712890625 0.7649322509765625 0.6282340240478516 0.3028262519836426 0.553682632446289 0.3008506584167481 0.5525774383544921 0.7629566192626953
2 0.7118851470947266 0.7845709991455078 0.7129888916015625 0.3176618766784668 0.6347472763061524 0.31561248779296874 0.6336436462402344 0.7825215911865234
1 0.7878890991210937 0.7903227233886718 0.7886711120605469 0.3354302215576172 0.7296724700927735 0.33430625915527346 0.728890380859375 0.7891987609863281
4 0.8772151184082031 0.8042459106445312 0.87842041015625 0.3163309097290039 0.7996524047851562 0.31417495727539063 0.7984471130371094 0.8020899200439453
3 0.9577363586425781 0.8009302520751953 0.9588948822021485 0.3253469467163086 0.8853904724121093 0.3233627700805664 0.8842319488525391 0.7989461517333984
