22 0.23921213150024415 0.7313851928710937 0.24014726638793946 0.3230091094970703 0.1705483627319336 0.32134098052978516 0.16961322784423827 0.729717025756836
17 0.31740024566650393 0.7323719024658203 0.3178881072998047 0.3284779739379883 0.24993137359619141 0.3276187896728516 0.24944351196289063 0.7315127563476562
0 0.3952150726318359 0.7418052673339843 0.39565296173095704 0.33983306884765624 0.3315932083129883 0.339102668762207 0.33115535736083984 0.7410748291015625
3 0.4713645172119141 0.7314566802978516 0.4724290466308594 0.3308343505859375 0.4114837646484375 0.32913928985595703 0.41041927337646483 0.7297615814208984
13 0.5484080505371094 0.7361224365234375 0.5495198440551757 0.3369496917724609 0.4876816940307617 0.33514698028564455 0.48656990051269533 0.7343198394775391
10 0.6208916854858398 0.7454483032226562 0.6219445419311523 0.34476097106933595 0.5642814636230469 0.34317501068115236 0.5632286071777344 0.7438623809814453
9 0.7013790130615234 0.7306341552734374 0.702412109375 0.34159934997558594 0.6440241241455078 0.33997627258300783 0.6429910278320312 0.7290110778808594
2 0.7787042999267578 0.7321936798095703 0.7791670227050781 0.34212425231933596 0.7183959197998047 0.34136962890625 0.7179331970214844 0.7314390563964843
2 0.8537462615966797 0.7341703796386718 0.8546449279785157 0.33929851531982425 0.7927177429199219 0.3378231811523438 0.7918190765380859 0.7326950073242188
1 0.9204269409179687 0.7277690124511719 0.9213352203369141 0.3462494659423828 0.8810875701904297 0.34524654388427733 0.8801792144775391 0.7267661285400391
