22 0.22297924041748046 0.7905313873291016 0.22309709548950196 0.2985720634460449 0.1433421230316162 0.29831275939941404 0.14322428703308104 0.7902721405029297
17 0.3064685249328613 0.7984733581542969 0.3074130439758301 0.3114174842834473 0.22846654891967774 0.30933935165405274 0.22752199172973633 0.796395263671875
0 0.3894419860839844 0.7900160217285156 0.3896932601928711 0.3199885749816895 0.31421306610107425 0.3194408798217773 0.31396181106567383 0.7894683074951172
1 0.45588783264160154 0.8071458435058594 0.4564510345458984 0.31721168518066406 0.40353477478027344 0.31638599395751954 0.40297157287597657 0.8063201141357422
13 0.5402668762207031 0.8058061218261718 0.5407222366333008 0.320593376159668 0.46369377136230466 0.3196121406555176 0.463238410949707 0.8048249053955078
33 0.6261823272705078 0.8178889465332031 0.6270838928222656 0.32454906463623046 0.5471205139160156 0.3225655746459961 0.5462189483642578 0.8159053802490235
8 0.7049966430664063 0.8070825958251953 0.7053614044189453 0.3470314407348633 0.6338408660888671 0.34626178741455077 0.6334761428833008 0.8063129425048828
2 0.7885260772705078 0.8195205688476562 0.7888797760009766 0.3434548187255859 0.7139579772949218 0.34269908905029295 0.7136042022705078 0.8187648773193359
1 0.8542729949951172 0.8180101776123047 0.8549920654296875 0.33528129577636717 0.8021734619140625 0.3342134475708008 0.8014543914794922 0.816942367553711
0 0.9379872894287109 0.8096864318847656 0.9383697509765625 0.33103363037109373 0.8631179046630859 0.33021739959716795 0.8627354431152344 0.8088701629638672
