22 0.19746942520141603 0.7497933197021485 0.1975288772583008 0.2662775802612305 0.12437079429626464 0.2661596298217773 0.12431135177612304 0.74967529296875
17 0.2800813102722168 0.7501911163330078 0.2804184341430664 0.2743119812011719 0.20854639053344726 0.27364397048950195 0.208209228515625 0.7495230102539062
0 0.36496963500976565 0.7508734893798829 0.3651822280883789 0.28306638717651367 0.29532352447509763 0.2826499366760254 0.29511093139648437 0.7504570770263672
4 0.44602108001708984 0.7598740386962891 0.44626941680908205 0.2828106498718262 0.37866817474365233 0.2823488998413086 0.3784197998046875 0.7594122314453124
22 0.5336992645263672 0.7553983306884766 0.5338311004638672 0.2801461601257324 0.4620359802246094 0.27988491058349607 0.46190414428710935 0.7551371002197266
30 0.6167931365966797 0.7545713806152343 0.6178367233276367 0.28051856994628904 0.5452268600463868 0.2784217643737793 0.5441833114624024 0.7524745178222656
2 0.6978993225097656 0.7622831726074218 0.6981545257568359 0.28315717697143555 0.6267378997802734 0.28265819549560545 0.6264827728271485 0.7617842864990234
4 0.7767652130126953 0.7537328338623047 0.778064956665039 0.27128814697265624 0.7106805419921876 0.26890655517578127 0.7093807983398438 0.7513512420654297
0 0.8627864837646484 0.7538859558105468 0.8630097198486328 0.282266731262207 0.7934159088134766 0.28183454513549805 0.7931925964355468 0.7534538269042969
6 0.9447694396972657 0.7508572387695313 0.9449166107177734 0.2853953170776367 0.8773788452148438 0.28511528015136717 0.8772317504882813 0.7505772399902344
