22 0.21218494415283204 0.7440364837646485 0.21243057250976563 0.281215991973877 0.14053895950317383 0.2807584762573242 0.14029333114624024 0.7435789489746094
17 0.29307275772094726 0.7476191711425781 0.29391754150390625 0.2904737091064453 0.22214012145996093 0.28888338088989257 0.22129535675048828 0.7460288238525391
0 0.374320068359375 0.7515533447265625 0.37466777801513673 0.3013056755065918 0.30485633850097654 0.300659236907959 0.3045085906982422 0.750906982421875
2 0.455737419128418 0.7686569976806641 0.4559503173828125 0.31009483337402344 0.38528850555419925 0.3097015380859375 0.38507560729980467 0.7682636260986329
16 0.538157958984375 0.7672847747802735 0.5381636810302735 0.31517271041870115 0.47055496215820314 0.31516244888305667 0.4705492401123047 0.7672745513916016
17 0.6202032470703125 0.7750234222412109 0.6206067276000976 0.31860252380371096 0.5488016128540039 0.31784141540527344 0.5483981323242187 0.7742622375488282
0 0.7008725738525391 0.7741435241699218 0.7011972045898438 0.32976612091064456 0.630551528930664 0.3291473388671875 0.6302268600463867 0.7735247039794921
1 0.7649365997314453 0.7875040435791015 0.7655543518066407 0.3275666809082031 0.7182147216796875 0.32680431365966794 0.7175970458984375 0.7867416381835938
5 0.8503492736816406 0.7867593383789062 0.850592041015625 0.3228110122680664 0.7772080993652344 0.32235042572021483 0.7769652557373047 0.7862987518310547
5 0.9326419830322266 0.801083984375 0.9331702423095704 0.3310213851928711 0.8593604278564453 0.33002681732177735 0.8588321685791016 0.8000894165039063
