22 0.2188166046142578 0.725689926147461 0.21984804153442383 0.2853731727600098 0.14245984077453613 0.2836219024658203 0.14142841339111328 0.7239386749267578
17 0.30533432006835937 0.7263182067871093 0.30623382568359375 0.2862269020080566 0.2261742401123047 0.2846461486816406 0.22527475357055665 0.7247374725341796
0 0.3880924224853516 0.7232685852050781 0.3890691375732422 0.29929988861083984 0.3125672721862793 0.29759740829467773 0.311590576171875 0.7215660858154297
1 0.46798713684082033 0.7369778442382813 0.46916206359863283 0.2907048988342285 0.40302345275878904 0.2890228271484375 0.40184852600097654 0.7352957916259766
14 0.5540282821655274 0.7327437591552735 0.5549546432495117 0.291352367401123 0.47781871795654296 0.2897885513305664 0.47689239501953123 0.7311799621582031
15 0.6321917343139648 0.7315359497070313 0.6335513687133789 0.2945339584350586 0.5599440383911133 0.2923216438293457 0.5585844039916992 0.7293235778808593
9 0.7139852905273437 0.7311590576171875 0.7150274658203125 0.2969536781311035 0.644913330078125 0.2953280258178711 0.6438711547851562 0.7295334625244141
8 0.794808349609375 0.7284327697753906 0.7965797424316406 0.3037759399414062 0.7250553894042969 0.30089387893676756 0.7232840728759765 0.7255506896972657
5 0.881527328491211 0.7309018707275391 0.8821575927734375 0.2929533958435059 0.8044495391845703 0.29187301635742186 0.8038192749023437 0.7298214721679688
1 0.9625929260253906 0.7443162536621094 0.963722152709961 0.29599824905395505 0.8968757629394531 0.29437164306640623 0.8957465362548828 0.7426895904541015
