22 0.1944704246520996 0.7437645721435547 0.19493484497070312 0.286167049407959 0.11721299171447754 0.28518802642822266 0.11674859046936036 0.7427854919433594
17 0.2807694625854492 0.7454283142089844 0.28136903762817383 0.2896750831604004 0.2045430564880371 0.2884206771850586 0.20394351959228516 0.7441739654541015
0 0.3607490539550781 0.7400730133056641 0.3611017608642578 0.29578006744384766 0.2891021728515625 0.2950706481933594 0.28874948501586917 0.7393636322021484
2 0.44309009552001954 0.7505692291259766 0.44350563049316405 0.2995211791992187 0.3722948837280273 0.2987069511413574 0.3718793487548828 0.7497549438476563
15 0.5191524505615235 0.740538330078125 0.5198866271972656 0.313383903503418 0.45094062805175783 0.31191307067871094 0.450206413269043 0.7390674591064453
27 0.6056496047973633 0.7522527313232422 0.6063252639770508 0.2997176742553711 0.5317469406127929 0.29833566665649414 0.5310713577270508 0.7508707427978516
5 0.6889894866943359 0.7552739715576172 0.6893296813964844 0.2903267478942871 0.6135969161987305 0.28963882446289063 0.6132566452026367 0.7545861053466797
6 0.7666801452636719 0.7604901123046875 0.7670050811767578 0.3147249221801758 0.697576904296875 0.3140969657897949 0.6972520446777344 0.7598622131347657
3 0.8541427612304687 0.7621095275878906 0.8544490814208985 0.3197448539733887 0.7866950988769531 0.31916242599487304 0.7863887786865235 0.761527099609375
0 0.9313432312011719 0.7671477508544922 0.9320001983642578 0.3292362213134766 0.8599211883544922 0.3278940200805664 0.8592642211914062 0.7658055114746094
