22 0.21101274490356445 0.7356816101074218 0.21111055374145507 0.2801400756835937 0.12662291526794434 0.27996158599853516 0.1265250873565674 0.7355030822753906
17 0.2995842170715332 0.734646224975586 0.30058380126953127 0.2885340690612793 0.2161063766479492 0.2866713714599609 0.21510677337646483 0.7327835083007812
0 0.39020965576171873 0.736249771118164 0.39068931579589844 0.282809886932373 0.3015391159057617 0.28188190460205076 0.30105951309204104 0.7353217315673828
1 0.47193931579589843 0.7290503692626953 0.4723727798461914 0.2860452270507812 0.40086509704589846 0.28535682678222657 0.40043163299560547 0.7283619689941406
14 0.5533437728881836 0.7293889617919922 0.5545635986328125 0.2792803955078125 0.4739388656616211 0.27713016510009764 0.4727190399169922 0.7272386932373047
14 0.5570822525024414 0.7390088653564453 0.6416756439208985 0.7388584899902344 0.6415979766845703 0.3086736297607422 0.5570045852661133 0.3088239669799805
3 0.7219844818115234 0.7266181945800781 0.7223773193359375 0.3337251281738281 0.6456893157958984 0.33297054290771483 0.6452964782714844 0.7258635711669922
2 0.8083099365234375 0.7312877655029297 0.8086441040039063 0.34257972717285157 0.7291600799560547 0.34190715789794923 0.7288258361816407 0.730615234375
6 0.8940746307373046 0.7298478698730468 0.8952994537353516 0.31130620956420896 0.8141485595703125 0.3089693260192871 0.8129237365722656 0.727510986328125
6 0.978455810546875 0.7360384368896484 0.9794730377197266 0.27500545501708984 0.8976348114013671 0.27322853088378907 0.8966175842285157 0.7342615509033203
