22 0.07669764041900634 0.6900543212890625 0.18333141326904298 0.6882942962646484 0.18298486709594727 0.26444711685180666 0.07635108947753906 0.26620716094970703
17 0.2829864311218262 0.706322021484375 0.2831474494934082 0.2563263130187988 0.19822124481201173 0.255712947845459 0.19806026458740233 0.7057086181640625
0 0.38737384796142577 0.7234835815429688 0.3882414627075195 0.277557373046875 0.3256351089477539 0.27509843826293945 0.3247674942016602 0.7210246276855469
2 0.4520250701904297 0.7175981903076172 0.4523720550537109 0.2854138374328613 0.3920974349975586 0.2844370269775391 0.39175045013427734 0.7166213989257812
14 0.5708245086669922 0.7281375122070313 0.571235122680664 0.2761999130249023 0.49399394989013673 0.27478340148925784 0.4935833740234375 0.7267209625244141
14 0.6517707824707031 0.7266847991943359 0.6522584533691407 0.2728874969482422 0.5767769241333007 0.27124998092651365 0.5762892532348632 0.7250472259521484
1 0.7322078704833984 0.7118258666992188 0.7328465270996094 0.2724820899963379 0.6939283752441406 0.2713400650024414 0.6932897186279297 0.7106838226318359
2 0.8057637023925781 0.7056768035888672 0.8063919067382812 0.264153995513916 0.7464571380615235 0.2624328422546387 0.7458290100097656 0.7039556884765625
0 0.8700424194335937 0.6951949310302734 0.870888671875 0.25263448715209963 0.8142993927001954 0.2504502487182617 0.813453140258789 0.6930107116699219
0 0.9336968994140625 0.6871015167236328 0.9343315124511719 0.24224288940429686 0.875616683959961 0.2405521774291992 0.8749819946289062 0.6854107666015625
