22 0.2143870162963867 0.7719987487792969 0.21470775604248046 0.2697035598754883 0.1400877571105957 0.26907344818115236 0.13976698875427246 0.7713685607910157
17 0.2957891845703125 0.7671993255615235 0.29653253555297854 0.2762890815734863 0.22282581329345702 0.27481321334838865 0.2220824432373047 0.7657234954833985
0 0.378443603515625 0.7589743041992187 0.37872756958007814 0.28831655502319337 0.30970895767211915 0.2877659797668457 0.30942497253417967 0.7584237670898437
1 0.45298744201660157 0.7809970855712891 0.45337860107421873 0.2752215576171875 0.40384674072265625 0.2747150421142578 0.4034555816650391 0.7804905700683594
13 0.5435490417480469 0.7734883117675782 0.5444878387451172 0.2752340698242188 0.4735985565185547 0.2734678649902344 0.47265975952148437 0.7717221069335938
14 0.63353271484375 0.7831900787353515 0.6339682769775391 0.2691521644592285 0.5573034286499023 0.26829301834106445 0.5568677902221679 0.7823308563232422
2 0.7138084411621094 0.7803810119628907 0.7145706176757812 0.29257286071777344 0.6425584411621094 0.29108497619628904 0.6417962646484375 0.7788931274414063
4 0.7941937255859375 0.7826606750488281 0.7945826721191406 0.28358510971069334 0.7247700500488281 0.28286569595336913 0.724381103515625 0.7819412994384766
6 0.8785576629638672 0.7760747528076172 0.8788619232177735 0.3003383255004883 0.813605728149414 0.29978639602661133 0.8133014678955078 0.7755228424072266
2 0.965013656616211 0.7894646453857422 0.9653989410400391 0.3067086410522461 0.893603286743164 0.305950813293457 0.8932180023193359 0.7887068176269532
