22 0.21291902542114258 0.7145970153808594 0.21371286392211913 0.23259248733520507 0.13387184143066405 0.2309217071533203 0.13307798385620118 0.7129261779785157
17 0.2975298500061035 0.7184234619140625 0.2978961181640625 0.24096685409545898 0.22027240753173827 0.24021032333374023 0.21990615844726563 0.7176669311523437
0 0.38137619018554686 0.7141695404052735 0.3816648864746094 0.2526421546936035 0.3060007095336914 0.2520407104492188 0.30571197509765624 0.713568115234375
1 0.4475858688354492 0.7214291381835938 0.44782127380371095 0.25012022018432617 0.39478431701660155 0.24978355407714845 0.39454887390136717 0.7210923767089844
13 0.5332049560546875 0.7276495361328125 0.5339253616333007 0.24591535568237305 0.45590351104736326 0.24443284988403322 0.45518310546875 0.7261669921875
29 0.6199969482421875 0.7255915069580078 0.6205827713012695 0.24482778549194337 0.5439535903930665 0.24364133834838866 0.5433677291870117 0.7244050598144531
6 0.7009342193603516 0.7235208129882813 0.7009800720214844 0.263581485748291 0.6262752532958984 0.2634868621826172 0.6262294006347656 0.7234262084960937
2 0.7829769897460938 0.7395428466796875 0.7834185028076172 0.26615333557128906 0.7072068786621094 0.2652504158020019 0.7067653656005859 0.7386399841308594
6 0.8654538726806641 0.7247344207763672 0.8656463623046875 0.2619876289367676 0.7930184173583984 0.26160373687744143 0.7928258514404297 0.7243505096435547
6 0.9474889373779297 0.7334839630126954 0.9479308319091797 0.2710750770568848 0.8753404235839843 0.2701938247680664 0.8748985290527344 0.7326026916503906
