22 0.06946770191192626 0.7044488525390625 0.18351053237915038 0.6995733642578125 0.18262075424194335 0.3838591766357422 0.06857791423797607 0.3887346267700195
17 0.1834978485107422 0.6989510345458985 0.2688408851623535 0.689996337890625 0.266807861328125 0.39608638763427734 0.18146482467651368 0.40504108428955077
0 0.36677749633789064 0.6961134338378906 0.3669913864135742 0.4060567855834961 0.2861051559448242 0.40515201568603515 0.2858912658691406 0.695208740234375
4 0.44752755255613125 0.6994957770958145 0.44668775472302014 0.4154696374627149 0.36911116183483317 0.4017749367103368 0.365384747105808 0.6902473094563892
15 0.46456521703047376 0.6886011477143854 0.5434799294011853 0.6963813730069185 0.5406476124829833 0.39002054378944917 0.46629907042121416 0.40002543316650574
31 0.6058101654052734 0.6779949951171875 0.6090455627441407 0.41853038787841795 0.537393913269043 0.4049774169921875 0.5341585159301758 0.664441909790039
2 0.7021905517578125 0.6930209350585937 0.702325439453125 0.4191952133178711 0.6277374649047851 0.41863773345947264 0.6276025772094727 0.6924634552001954
8 0.7770166015625 0.6927023315429688 0.7774376678466797 0.42706043243408204 0.7048560333251953 0.4253153610229492 0.7044349670410156 0.6909571838378906
8 0.8516680908203125 0.7031121063232422 0.8519229888916016 0.4302941131591797 0.7803473663330078 0.429279670715332 0.7800924682617187 0.7020977020263672
9 0.8522675323486328 0.7123041534423828 0.9259584808349609 0.7062207794189453 0.9244457244873047 0.42825870513916015 0.8507548522949219 0.4343421936035156
