22 0.07025537014007568 0.7721855926513672 0.2075066375732422 0.7666423034667968 0.2064474868774414 0.39320419311523436 0.06919621467590333 0.3987473678588867
17 0.2806966590881348 0.7795848083496094 0.28111440658569337 0.4287661361694336 0.1955430030822754 0.42731510162353514 0.1951252555847168 0.778133773803711
0 0.3804490661621094 0.7780665588378907 0.3812282562255859 0.43403976440429687 0.32135704040527346 0.43210880279541014 0.32057785034179687 0.7761356353759765
2 0.44079845428466796 0.7805730438232422 0.44138858795166014 0.44012744903564455 0.3846772384643555 0.4387274932861328 0.3840871047973633 0.7791730499267578
13 0.562566032409668 0.7785965728759766 0.5628188323974609 0.43411128997802734 0.48093452453613283 0.4332558059692383 0.4806817626953125 0.7777410888671875
35 0.5687995147705078 0.7851586151123047 0.6516938018798828 0.7847972106933594 0.6515869903564453 0.43592052459716796 0.5686927032470703 0.4362820053100586
0 0.7412860107421875 0.7794977569580078 0.7418733215332032 0.44255359649658205 0.681783447265625 0.44106212615966794 0.6811961364746094 0.7780062866210937
3 0.7988905334472656 0.7815682983398438 0.7994532775878906 0.4394745635986328 0.7454911804199219 0.43821067810058595 0.7449284362792968 0.7803043365478516
1 0.8551655578613281 0.7763427734375 0.8558341979980468 0.4450799560546875 0.8141351318359376 0.4438815689086914 0.8134664916992187 0.7751444244384765
2 0.9236049652099609 0.7784539794921875 0.9242932891845703 0.4386387252807617 0.8663578033447266 0.4369676208496094 0.8656694793701172 0.7767828369140625
