22 0.13228141784667968 0.7333306884765625 0.20772207260131836 0.7330989074707032 0.2076009750366211 0.28461997985839843 0.1321603012084961 0.28485172271728515
17 0.29124534606933594 0.7354653930664062 0.2914412879943848 0.2873634719848633 0.21707927703857421 0.2869935607910156 0.2168833351135254 0.7350955200195313
0 0.3734138107299805 0.734793930053711 0.37364906311035156 0.29759416580200193 0.30169857025146485 0.2971537971496582 0.30146333694458005 0.7343535614013672
1 0.4502457809448242 0.74349365234375 0.4504002380371094 0.29118425369262696 0.3950971603393555 0.2909694671630859 0.39494274139404295 0.7432788848876953
15 0.5445692443847656 0.7517416381835937 0.5454913330078125 0.29354127883911135 0.46715286254882815 0.2917478370666504 0.4662308120727539 0.7499481964111329
11 0.622431640625 0.7587698364257812 0.6237958145141601 0.30452030181884765 0.551940803527832 0.30206531524658203 0.5505766296386718 0.7563148498535156
3 0.7050672149658204 0.757719497680664 0.7053544616699219 0.3165506935119629 0.635648536682129 0.3160342788696289 0.6353611755371094 0.7572030639648437
0 0.7873846435546875 0.7522991943359375 0.7876606750488281 0.325665168762207 0.718666763305664 0.3251572418212891 0.7183907318115235 0.7517912292480469
8 0.8017282104492187 0.7588510894775391 0.8687181091308593 0.758771743774414 0.8686737823486328 0.332940673828125 0.8016838836669922 0.33302013397216795
8 0.9507276916503906 0.7617451477050782 0.9516861724853516 0.33783191680908203 0.8843333435058593 0.33609939575195313 0.8833749389648438 0.7600126647949219
