22 0.20652976989746094 0.7788265228271485 0.2067289161682129 0.33528640747070315 0.13448366165161132 0.33492599487304686 0.13428451538085937 0.7784661865234375
17 0.2871007537841797 0.7704046630859375 0.2873871040344238 0.3313074493408203 0.2152213668823242 0.3307844924926758 0.21493499755859374 0.7698818206787109
0 0.3655297088623047 0.7609006500244141 0.36568302154541016 0.33894378662109376 0.30018388748168945 0.33867927551269533 0.30003061294555666 0.7606360626220703
2 0.44894020080566405 0.7723906707763671 0.44942512512207033 0.33279239654541015 0.3807427597045898 0.3319506072998047 0.3802578735351563 0.7715489196777344
15 0.5353916931152344 0.764534912109375 0.5358284759521484 0.3186042022705078 0.4615274810791016 0.3177954864501953 0.4610906219482422 0.7637261962890625
19 0.6170268630981446 0.761949691772461 0.6181604385375976 0.3245491790771484 0.5443457794189454 0.3224236297607422 0.5432121658325195 0.7598240661621094
6 0.6977979278564453 0.7686555480957031 0.6979276275634766 0.3342715072631836 0.6308182907104493 0.33404888153076173 0.630688591003418 0.7684328460693359
6 0.7826738739013672 0.7774639892578125 0.7828192138671874 0.3340377044677734 0.7119930267333985 0.3337798309326172 0.7118476867675781 0.7772060394287109
1 0.8615399932861328 0.7949642181396485 0.8618765258789063 0.33849861145019533 0.8046842956542969 0.3380302429199219 0.8043478393554687 0.794495849609375
1 0.9440762329101563 0.796916732788086 0.9446996307373047 0.3432658386230469 0.887637710571289 0.34239437103271486 0.8870142364501953 0.7960453033447266
