22 0.15015591621398927 0.7583281707763672 0.22812782287597655 0.7578707885742187 0.22790267944335937 0.2746432685852051 0.14993077278137207 0.27510059356689454
17 0.31266265869140625 0.7608838653564454 0.31279233932495115 0.29039520263671875 0.23593999862670897 0.29012847900390626 0.23581029891967772 0.7606171417236328
0 0.3959467315673828 0.7622044372558594 0.3962070465087891 0.2977035713195801 0.3227978515625 0.2971858024597168 0.32253753662109375 0.7616867065429688
1 0.46230831146240237 0.7663652038574219 0.46283443450927736 0.2926690292358398 0.4140204620361328 0.2919865798950195 0.41349430084228517 0.7656826782226562
13 0.5453723526000976 0.7673375701904297 0.5463771057128907 0.29403717041015626 0.4741152572631836 0.2921061897277832 0.47311054229736327 0.7654065704345703
14 0.6355759048461914 0.7771316528320312 0.6359566879272461 0.28537330627441404 0.5575412368774414 0.28460878372192383 0.5571604537963867 0.7763670349121093
7 0.7169997406005859 0.7720182037353516 0.7179047393798829 0.2882596206665039 0.6438491821289063 0.2865155029296875 0.6429441833496093 0.7702741241455078
1 0.779828109741211 0.7712809753417968 0.7803531646728515 0.29368183135986325 0.7317056274414062 0.29300857543945313 0.7311805725097656 0.770607681274414
7 0.8649766540527344 0.7683721160888672 0.8655515289306641 0.28695508956909177 0.7931257629394531 0.2858663749694824 0.7925508880615234 0.7672834014892578
9 0.9437822723388671 0.7714694976806641 0.9443489837646485 0.3002682113647461 0.8736753845214844 0.2991982078552246 0.8731085968017578 0.7703994750976563
