22 0.20668401718139648 0.7888285064697266 0.20777692794799804 0.2910808563232422 0.12987857818603515 0.2888274574279785 0.12878565788269042 0.7865750885009766
17 0.2920691108703613 0.7853887939453125 0.29269800186157224 0.2932059860229492 0.21635547637939453 0.2919208717346191 0.21572656631469728 0.7841036987304687
0 0.37657421112060546 0.7804120635986328 0.37680912017822266 0.301142578125 0.3031897926330566 0.30066719055175783 0.3029548835754394 0.7799367523193359
3 0.45988418579101564 0.7833202362060547 0.4608417510986328 0.29649246215820313 0.38947185516357424 0.2946430206298828 0.3885143280029297 0.7814708709716797
12 0.5449277877807617 0.7820574951171875 0.5459286499023438 0.29751804351806643 0.47437904357910154 0.2955711555480957 0.47337818145751953 0.7801106262207032
22 0.6311240768432618 0.7753762054443359 0.6315678787231446 0.28900146484375 0.5561643981933594 0.2880949592590332 0.5557205200195312 0.7744697570800781
9 0.709175033569336 0.7752280426025391 0.7098247528076171 0.2975250434875488 0.6401763153076172 0.2962771415710449 0.6395265579223632 0.7739801025390625
6 0.7936768341064453 0.7649104309082031 0.7939048767089844 0.2814178466796875 0.7231427001953125 0.2809782600402832 0.7229147338867188 0.7644708251953125
1 0.8648631286621093 0.7613544464111328 0.8654541015625 0.265015869140625 0.8161862182617188 0.2642430305480957 0.8155953216552735 0.7605815887451172
1 0.943013916015625 0.7463175964355468 0.9437089538574219 0.2558536911010742 0.8945738220214844 0.25493627548217773 0.8938787841796875 0.745400161743164
