22 0.1850225257873535 0.7240511322021485 0.18502885818481446 0.2573611831665039 0.10216496467590332 0.2573486518859863 0.10215861320495606 0.7240385437011718
17 0.1921725845336914 0.7305067443847656 0.2740250015258789 0.7304994201660157 0.2740212631225586 0.26740690231323244 0.1921688461303711 0.2674142074584961
0 0.36071430206298827 0.7328659820556641 0.36090450286865233 0.27924219131469724 0.28321802139282226 0.2788802909851074 0.2830278205871582 0.7325040435791016
2 0.4486333084106445 0.7502454376220703 0.44873279571533203 0.2877190971374512 0.3695784378051758 0.2875298881530762 0.3694789505004883 0.7500563049316407
16 0.5382173156738281 0.750418930053711 0.538868179321289 0.2861569213867188 0.4602683639526367 0.2849323081970215 0.45961742401123046 0.7491944122314453
14 0.6292983245849609 0.7594060516357422 0.6296945953369141 0.2864580726623535 0.5448432159423828 0.28566810607910154 0.5444469451904297 0.7586161041259766
8 0.7131584167480469 0.7581265258789063 0.71375 0.3120222473144531 0.6377970123291016 0.31090301513671875 0.6372053146362304 0.7570073699951172
9 0.8016622924804687 0.7644893646240234 0.8024119567871094 0.3156621170043945 0.7246334838867188 0.3142187881469727 0.7238838195800781 0.7630460357666016
2 0.8894926452636719 0.7834108734130859 0.8902304077148437 0.32204792022705075 0.8119026184082031 0.32065608978271487 0.8111648559570312 0.78201904296875
3 0.9786119079589843 0.7784884643554687 0.9790531921386719 0.3242641830444336 0.900567626953125 0.3234168243408203 0.9001263427734375 0.7776411437988281
