22 0.06631358623504639 0.7820156860351563 0.1689778137207031 0.7808309173583985 0.16866411209106447 0.39859302520751955 0.06599989414215088 0.39977787017822264
17 0.26506710052490234 0.7807289123535156 0.26527067184448244 0.40339893341064453 0.18114654541015626 0.40276065826416013 0.18094295501708985 0.7800906372070312
0 0.36024967193603513 0.7861730194091797 0.3608567428588867 0.4115917205810547 0.29985034942626954 0.4102012634277344 0.299243278503418 0.7847825622558594
2 0.4213982391357422 0.7883083343505859 0.42200748443603514 0.41768966674804686 0.3646207046508789 0.41636295318603517 0.36401145935058593 0.7869816589355468
13 0.45992504119873046 0.7998247528076172 0.5449054336547852 0.7990399932861328 0.5446487808227539 0.40805633544921877 0.4596683502197266 0.40884105682373045
32 0.5571332550048829 0.7954048156738281 0.6629647827148437 0.7946778106689453 0.6627800750732422 0.4166524887084961 0.5569485473632813 0.41737945556640627
5 0.7529901885986328 0.7976687622070312 0.753684310913086 0.4126167297363281 0.6949039459228515 0.41112693786621096 0.6942098999023437 0.7961789703369141
6 0.8128826904296875 0.7977192687988282 0.8137897491455078 0.41173622131347654 0.7589472198486328 0.4099237060546875 0.7580400848388672 0.795906753540039
3 0.8683097839355469 0.7956409454345703 0.8688330078125 0.418318977355957 0.8163471221923828 0.4172955322265625 0.815823974609375 0.7946175384521484
4 0.9357792663574219 0.7821929931640625 0.9361728668212891 0.4118643569946289 0.8741299438476563 0.4109369659423828 0.8737362670898438 0.7812656402587891
