22 0.23752595901489257 0.661176528930664 0.23818315505981447 0.2828670120239258 0.164598331451416 0.28170534133911135 0.16394115447998048 0.6600148010253907
17 0.32022769927978517 0.663145523071289 0.3207497787475586 0.28740629196166995 0.24783845901489257 0.2864856719970703 0.2473163604736328 0.6622249603271484
1 0.39048431396484373 0.6633805084228516 0.3911244201660156 0.27753194808959963 0.34189811706542966 0.27678977966308593 0.34125797271728514 0.6626383972167968
2 0.47869129180908204 0.6680996704101563 0.47890151977539064 0.28619140625 0.4082644271850586 0.28583803176879885 0.40805416107177733 0.6677462768554687
32 0.5607693099975586 0.6712769317626953 0.5615731430053711 0.2808351516723633 0.487392578125 0.27944728851318357 0.4865886688232422 0.6698890686035156
19 0.637706413269043 0.6591771697998047 0.6387885665893555 0.2843232727050781 0.5701426696777344 0.28252229690551756 0.5690605163574218 0.6573762512207031
9 0.7167520904541016 0.6624927520751953 0.7169062805175781 0.2891569137573242 0.6475480651855469 0.28889650344848633 0.6473938751220704 0.6622323608398437
6 0.7954129028320313 0.659600830078125 0.7957843780517578 0.28709659576416013 0.7279463195800782 0.2864819526672363 0.7275747680664062 0.6589861297607422
3 0.8737271881103515 0.6685002136230469 0.8739324951171875 0.2897083473205566 0.8065169525146484 0.2893765258789063 0.8063116455078125 0.6681684112548828
2 0.9523797607421876 0.6768656158447266 0.9531222534179687 0.2939003944396973 0.884192886352539 0.29268589019775393 0.8834503936767578 0.6756511688232422
