22 0.2240507698059082 0.7504843139648437 0.22499176025390624 0.23487085342407227 0.14975168228149413 0.23301952362060546 0.14881068229675293 0.7486329650878907
17 0.30858942031860354 0.75533447265625 0.30957826614379885 0.24211952209472656 0.23177425384521486 0.24009832382202148 0.2307853889465332 0.7533132934570312
0 0.39109676361083984 0.7549630737304688 0.39182109832763673 0.25556034088134766 0.3161768913269043 0.2540810775756836 0.31545251846313477 0.7534838104248047
5 0.4774188613891602 0.7654103851318359 0.4784508514404297 0.2519511604309082 0.39941394805908204 0.2498094367980957 0.39838199615478515 0.7632686614990234
15 0.5564876174926758 0.7532632446289063 0.557724609375 0.2546232032775879 0.4847470474243164 0.2521823883056641 0.48351009368896486 0.7508224487304688
25 0.6387284469604492 0.7638349151611328 0.6398109817504882 0.26002614974975585 0.5652154541015625 0.2578651237487793 0.5641329193115234 0.7616738891601562
8 0.7230021667480468 0.7693379211425782 0.7238884735107421 0.2662650680541992 0.6491815185546875 0.2644906425476074 0.6482952117919922 0.7675634765625
8 0.805524673461914 0.7682891082763672 0.8063423156738281 0.27024328231811523 0.7333885192871094 0.2686284828186035 0.7325709533691406 0.7666742706298828
2 0.8876458740234375 0.7709612274169921 0.8884626770019531 0.276768856048584 0.8135547637939453 0.27509944915771484 0.8127378845214843 0.7692918395996093
0 0.9700471496582032 0.770530014038086 0.971011962890625 0.2817409133911133 0.8961587524414063 0.27974868774414063 0.8951938629150391 0.7685377502441406
