22 0.2071792221069336 0.8218672180175781 0.20768779754638672 0.2747452926635742 0.11793573379516602 0.273554630279541 0.1174271583557129 0.8206766510009765
17 0.2892271041870117 0.7988056182861328 0.2902159309387207 0.26822843551635744 0.21058515548706055 0.26611038208007814 0.20959632873535156 0.7966875457763671
0 0.37989761352539064 0.7854583740234375 0.3803424072265625 0.27115673065185547 0.29873430252075195 0.27014938354492185 0.29828950881958005 0.7844509887695312
1 0.4530558776855469 0.7908607482910156 0.45391437530517575 0.2650822639465332 0.3938491058349609 0.26368251800537107 0.39299057006835936 0.7894609832763672
15 0.5473465347290039 0.7800967407226562 0.5481487655639649 0.2524737930297852 0.4582820892333984 0.250523681640625 0.45747982025146483 0.7781465911865234
11 0.6273860931396484 0.7727882385253906 0.6281340789794921 0.2607071685791016 0.5457527160644531 0.2589897155761719 0.5450047302246094 0.7710707855224609
6 0.7125348663330078 0.7560562896728515 0.7128716278076171 0.2604558181762695 0.634522933959961 0.2596958923339844 0.6341861343383789 0.7552963256835937
0 0.8017638397216796 0.7591756439208984 0.8023111724853516 0.26453819274902346 0.7216679382324219 0.26326465606689453 0.7211206817626953 0.7579021453857422
1 0.8705170440673828 0.754386215209961 0.8712755584716797 0.2567746353149414 0.8119606018066406 0.2554840087890625 0.8112019348144531 0.7530956268310547
6 0.9603902435302735 0.7829859924316406 0.9610919952392578 0.255620174407959 0.8788053894042969 0.25405776977539063 0.8781037139892578 0.7814235687255859
