22 0.21374212265014647 0.7450553131103516 0.2137451934814453 0.2642661094665527 0.1313077163696289 0.26426019668579104 0.13130468368530274 0.7450494384765625
17 0.3027585792541504 0.7420811462402344 0.3034309768676758 0.26661460876464843 0.21908239364624024 0.2652547645568848 0.2184099769592285 0.7407213592529297
0 0.38811309814453127 0.7317975616455078 0.38848323822021485 0.2684735679626465 0.3083576774597168 0.26774383544921876 0.3079875373840332 0.7310678100585938
1 0.4674563980102539 0.7322461700439453 0.46786888122558595 0.25571510314941404 0.4045997619628906 0.2550908088684082 0.4041873550415039 0.7316218566894531
13 0.5578186416625976 0.7273036193847656 0.5582696151733398 0.2519171142578125 0.478244743347168 0.2510516929626465 0.4777937698364258 0.726438217163086
33 0.64090576171875 0.7287152862548828 0.6416377258300782 0.24864604949951172 0.565650863647461 0.24732524871826173 0.5649189376831054 0.7273944854736328
8 0.7231822967529297 0.7054441070556641 0.7241305541992188 0.2541001129150391 0.6524296569824218 0.25238279342651365 0.6514813232421875 0.7037267303466797
3 0.8067581176757812 0.7096995544433594 0.8070726013183593 0.24263185501098633 0.7379257965087891 0.24210107803344727 0.737611312866211 0.7091687774658203
5 0.8996536254882812 0.6980241394042969 0.9003125762939453 0.22696809768676757 0.8178369903564453 0.22565271377563476 0.8171780395507813 0.696708755493164
6 0.9703739166259766 0.6955330657958985 0.971255874633789 0.24130266189575195 0.9049881744384766 0.2398359489440918 0.9041062927246094 0.6940663146972657
