22 0.21471824645996093 0.840777359008789 0.21592084884643556 0.32166351318359376 0.1296554660797119 0.31916860580444334 0.12845285415649413 0.8382823944091797
17 0.29948278427124025 0.8006578063964844 0.301120491027832 0.30312978744506835 0.2206776237487793 0.29982412338256836 0.21903993606567382 0.797352066040039
0 0.38748779296875 0.7763960266113281 0.3878273773193359 0.2837132263183594 0.3050906372070312 0.2830012702941895 0.3047510719299316 0.7756841278076172
1 0.4654769134521484 0.7853903198242187 0.466024169921875 0.2735146522521973 0.3896505355834961 0.27249536514282224 0.3891032791137695 0.784371109008789
13 0.5559878540039063 0.7754695129394531 0.556724624633789 0.25214805603027346 0.47520397186279295 0.25071508407592774 0.4744671630859375 0.7740365600585938
25 0.6439029693603515 0.7688845062255859 0.6450175476074219 0.23426694869995118 0.5631571578979492 0.23213611602783202 0.5620424652099609 0.7667536163330078
3 0.7259544372558594 0.7191742706298828 0.7270566558837891 0.20925029754638672 0.6476659393310547 0.20710784912109376 0.646563720703125 0.7170317840576171
7 0.8005994415283203 0.7000962829589844 0.8016403198242188 0.19069452285766603 0.728899154663086 0.1888389205932617 0.7278582000732422 0.6982406616210938
8 0.8782450866699218 0.6877320098876953 0.8787692260742187 0.18868844985961913 0.8093841552734375 0.18777875900268554 0.808860092163086 0.6868223571777343
7 0.9610062408447265 0.6740402221679688 0.9618215942382813 0.15993671417236327 0.8820881652832031 0.15835806846618652 0.8812728881835937 0.6724615478515625
