22 0.20749385833740233 0.8218464660644531 0.2078538703918457 0.24027200698852538 0.11998825073242188 0.23946357727050782 0.11962823867797852 0.8210381317138672
17 0.2932149124145508 0.8087548828125 0.2943961906433106 0.24334165573120117 0.2107042121887207 0.24074270248413085 0.20952293395996094 0.8061559295654297
0 0.37750778198242185 0.769731674194336 0.3780347442626953 0.23647401809692384 0.2967801094055176 0.23528053283691405 0.29625314712524414 0.7685382080078125
1 0.44522327423095703 0.7975350952148438 0.4458049392700195 0.2345506477355957 0.3895594024658203 0.23368688583374023 0.3889777755737305 0.7966712951660156
14 0.5332926559448242 0.7662512969970703 0.5338016891479492 0.22093093872070313 0.44973175048828123 0.21976446151733398 0.4492227554321289 0.7650848388671875
31 0.6144751358032227 0.7832063293457031 0.6156057739257812 0.22509370803833006 0.5425209426879882 0.2228928565979004 0.5413903045654297 0.7810054779052734
7 0.7036924743652344 0.7554405975341797 0.7048367309570313 0.2090005683898926 0.6215085983276367 0.20640676498413085 0.6203643035888672 0.7528467559814453
9 0.7799980163574218 0.7371819305419922 0.7809144592285157 0.21600065231323243 0.7043650817871093 0.21399982452392577 0.7034485626220703 0.7351811218261719
1 0.8472250366210937 0.7351116180419922 0.8481137084960938 0.212366943359375 0.7931075286865235 0.21097700119018556 0.7922188568115235 0.7337217712402344
5 0.9362042236328125 0.7352070617675781 0.9369975280761719 0.2008739471435547 0.8506816101074218 0.19896909713745117 0.8498883056640625 0.7333021545410157
