22 0.21999784469604491 0.7569416046142579 0.22090044021606445 0.3078691291809082 0.14430424690246582 0.3062896156311035 0.1434016704559326 0.7553620910644532
17 0.3038755989074707 0.7552548980712891 0.3048729515075684 0.3093014907836914 0.22972551345825196 0.30757713317871094 0.22872814178466797 0.7535305023193359
0 0.3844821166992187 0.7618724822998046 0.38555110931396486 0.31630414962768555 0.3094977378845215 0.3144320869445801 0.3084287261962891 0.7600003814697266
1 0.46400764465332034 0.7611148071289062 0.4648838806152344 0.31236770629882815 0.3962710952758789 0.3109930992126465 0.3953948974609375 0.7597402191162109
15 0.5431433868408203 0.7623721313476562 0.5445588684082031 0.3153902244567871 0.47258136749267576 0.31305158615112305 0.4711658477783203 0.7600334930419922
11 0.6248643875122071 0.7574134826660156 0.626136131286621 0.3191285705566406 0.5507201385498047 0.3168833923339844 0.5494484710693359 0.7551682281494141
0 0.7057262420654297 0.7478633117675781 0.7066734313964844 0.3241170501708984 0.6320516967773437 0.32240570068359375 0.6311044692993164 0.7461518859863281
9 0.7848207855224609 0.759034423828125 0.7858430480957032 0.3172939491271973 0.7124340057373046 0.31555097579956054 0.7114117431640625 0.757291488647461
6 0.86293212890625 0.7570085906982422 0.8638884735107422 0.31888038635253907 0.7926934814453125 0.31728607177734375 0.7917372131347656 0.7554142761230469
6 0.9411846160888672 0.7570792388916016 0.9422491455078125 0.3203176116943359 0.8706120300292969 0.3185260009765625 0.8695475006103516 0.7552876281738281
