22 0.19226364135742188 0.734073486328125 0.1923780059814453 0.2756589126586914 0.11358851432800293 0.27545053482055665 0.11347412109375 0.7338650512695313
17 0.28030508041381835 0.736203842163086 0.2807908630371094 0.27298473358154296 0.20066993713378906 0.27209421157836916 0.20018413543701172 0.7353133392333985
0 0.3618647003173828 0.7277139282226562 0.3621653366088867 0.27707714080810547 0.2895991516113281 0.2765640068054199 0.2892984962463379 0.7272007751464844
4 0.4446360397338867 0.7303511810302734 0.4456133651733398 0.2687380599975586 0.37285743713378905 0.26710554122924807 0.37188011169433594 0.7287186431884766
20 0.534391860961914 0.73402099609375 0.5348920822143555 0.2592266845703125 0.4555279541015625 0.2583403968811035 0.45502769470214843 0.7331346893310546
32 0.6252558135986328 0.7307405853271485 0.6265409469604493 0.26668420791625974 0.5438756179809571 0.26425769805908206 0.5425904464721679 0.7283141326904297
3 0.7077027893066407 0.7353842163085937 0.7084028625488281 0.2734488296508789 0.634122543334961 0.2722557830810547 0.6334225463867188 0.7341911315917968
1 0.788455810546875 0.7357011413574219 0.7889122009277344 0.2755417823791504 0.7283851623535156 0.2749056816101074 0.7279288482666015 0.7350650787353515
8 0.8749259948730469 0.7267584228515624 0.8756060791015625 0.28312564849853517 0.8022195434570313 0.2819331550598145 0.8015393829345703 0.7255659484863282
4 0.9557469177246094 0.7285710144042968 0.9567411804199218 0.27735492706298825 0.8855933380126954 0.2756932640075684 0.8845990753173828 0.7269092559814453
