22 0.19479656219482422 0.7160002899169922 0.19482784271240233 0.2437477493286133 0.11912169456481933 0.24368810653686523 0.11909041404724122 0.7159406280517578
17 0.2804345703125 0.7208616638183594 0.28132434844970705 0.2524717712402344 0.2061884307861328 0.2507746124267578 0.20529865264892577 0.7191645812988281
0 0.36597957611083987 0.7235494232177735 0.3664176559448242 0.2635965919494629 0.2955964469909668 0.2627945327758789 0.2951583480834961 0.7227474212646484
1 0.4430485153198242 0.7291290283203125 0.4437284469604492 0.26323169708251953 0.39233013153076174 0.26233980178833005 0.3916501998901367 0.7282371520996094
15 0.5425121307373046 0.744001235961914 0.5434706878662109 0.26474407196044925 0.46425834655761716 0.26286026000976564 0.4632997894287109 0.7421173858642578
11 0.6257737731933594 0.7522633361816407 0.6265602874755859 0.27798315048217775 0.5505514144897461 0.27648445129394533 0.5497649765014648 0.7507646942138672
1 0.7028347778320313 0.7585176086425781 0.7035507202148438 0.2821400833129883 0.6514361572265625 0.2812086868286133 0.65072021484375 0.7575862121582031
6 0.7270172882080078 0.7589505767822265 0.7981174468994141 0.7588333129882813 0.798053970336914 0.3013631057739258 0.7269538116455078 0.3014805221557617
5 0.883077392578125 0.7719474792480469 0.8834455871582031 0.31151035308837893 0.8105950927734376 0.3108175086975098 0.8102268981933594 0.7712547302246093
9 0.9685107421875 0.7876994323730468 0.969281005859375 0.32762626647949217 0.8994888305664063 0.32623680114746095 0.8987185668945312 0.7863099670410156
