22 0.12415491104125977 0.7384647369384766 0.20433826446533204 0.7384431457519531 0.2043268585205078 0.2686682319641113 0.12414351463317871 0.2686898994445801
17 0.28855663299560547 0.7430440521240235 0.2889369773864746 0.2819046974182129 0.21058603286743163 0.2811848449707031 0.21020572662353515 0.74232421875
0 0.37271896362304685 0.7425894927978516 0.37291152954101564 0.2904486083984375 0.29690826416015625 0.290088005065918 0.2967156791687012 0.7422288513183594
1 0.4376631546020508 0.7542158508300781 0.43814620971679685 0.2882215118408203 0.38447998046875 0.2876017951965332 0.38399688720703123 0.75359619140625
13 0.5234309005737304 0.7572351837158203 0.5243198776245117 0.29100189208984373 0.44668704986572266 0.28935306549072265 0.44579803466796875 0.7555863189697266
20 0.6082337951660156 0.7682894134521484 0.6090813446044921 0.2970363426208496 0.5313153076171875 0.2954786491394043 0.5304677963256836 0.7667317199707031
5 0.6961333465576172 0.767559814453125 0.6969039916992188 0.30189115524291993 0.616474609375 0.30040857315063474 0.615704002380371 0.7660771942138672
4 0.7769302368164063 0.7884523010253907 0.7784526062011718 0.3190163040161133 0.7028411102294921 0.3162850761413574 0.7013187408447266 0.7857210540771484
2 0.8620979309082031 0.7934157562255859 0.8624125671386719 0.33590335845947267 0.7853395843505859 0.3353130340576172 0.7850249481201171 0.7928253936767579
7 0.9482735443115234 0.8021935272216797 0.9483883666992188 0.3334005355834961 0.8689044952392578 0.33318389892578126 0.8687898254394532 0.8019768524169922
