22 0.19650611877441407 0.739803466796875 0.19681215286254883 0.3023697090148926 0.1225163459777832 0.3017507743835449 0.12221029281616211 0.7391844940185547
17 0.27828222274780273 0.7416802978515625 0.278813419342041 0.3123015785217285 0.20778556823730468 0.3112552833557129 0.2072543716430664 0.7406340026855469
0 0.36119709014892576 0.7441159820556641 0.3617399215698242 0.3196942138671875 0.29273181915283203 0.3186431884765625 0.2921890068054199 0.7430650329589844
1 0.4356095886230469 0.7574880981445312 0.4361962127685547 0.319609375 0.38722236633300783 0.31882816314697265 0.38663570404052733 0.7567069244384765
13 0.5270558166503906 0.7583140563964844 0.5278464126586914 0.3207511901855469 0.4560049057006836 0.31920555114746096 0.4552143096923828 0.7567684173583984
29 0.6162148284912109 0.7598808288574219 0.616699333190918 0.31622499465942383 0.5429080581665039 0.3152652931213379 0.5424235534667968 0.7589211273193359
1 0.6848561096191407 0.7616321563720703 0.6853407287597656 0.324649658203125 0.6374432373046875 0.32401702880859373 0.6369586181640625 0.760999526977539
6 0.7742366790771484 0.7596901702880859 0.7747543334960938 0.3298326110839844 0.7067410278320313 0.32885734558105467 0.7062233734130859 0.7587149047851562
6 0.8555481719970703 0.7629354858398437 0.8558226776123047 0.33738716125488283 0.7896002197265625 0.3368784332275391 0.7893256378173829 0.7624268341064453
5 0.9407431030273438 0.7685970306396485 0.9411646270751953 0.3230002975463867 0.8681761932373047 0.32217815399169925 0.8677546691894531 0.7677748870849609
