22 0.2133595848083496 0.7192079162597657 0.21337602615356446 0.29382881164550784 0.12812823295593262 0.2937955474853516 0.1281117820739746 0.7191746520996094
17 0.295344295501709 0.7212926483154297 0.29577327728271485 0.29743553161621095 0.21648042678833007 0.29662681579589845 0.21605146408081055 0.7204839324951172
0 0.37512195587158204 0.7201422882080079 0.37539981842041015 0.31236595153808594 0.2998794937133789 0.3118472671508789 0.2996016502380371 0.7196236419677734
4 0.45708431243896486 0.7377101898193359 0.4581952285766602 0.31170684814453126 0.3775082778930664 0.30958621978759765 0.3763973617553711 0.735589599609375
16 0.5394318008422851 0.7377545928955078 0.5403132629394531 0.32371437072753906 0.4617226028442383 0.3220282745361328 0.46084117889404297 0.7360684967041016
33 0.622113151550293 0.7445524597167968 0.6227303695678711 0.31549749374389646 0.5436672973632812 0.3143512535095215 0.5430501174926757 0.7434062194824219
7 0.7024845886230469 0.7438436889648438 0.703211669921875 0.3176019859313965 0.623934555053711 0.3162392044067383 0.6232075500488281 0.7424809265136719
7 0.7851241302490234 0.7509622192382812 0.7861730194091797 0.3267789077758789 0.7039807891845703 0.32473072052001956 0.7029319000244141 0.7489140319824219
6 0.86623046875 0.7543325805664063 0.8663905334472656 0.34673473358154294 0.7903071594238281 0.34643356323242186 0.7901470947265625 0.7540314483642578
6 0.94703857421875 0.767978286743164 0.9474113464355469 0.3554611968994141 0.8737738037109375 0.35479061126708983 0.8734010314941406 0.7673077392578125
