22 0.13368916511535645 0.8787509155273437 0.1345933723449707 0.4047986602783203 0.036515512466430665 0.40303276062011717 0.03561131000518799 0.8769850158691406
17 0.2185578727722168 0.8653394317626953 0.21978170394897462 0.3865825271606445 0.13926044464111328 0.3846399688720703 0.13803664207458496 0.8633969116210938
0 0.3368047332763672 0.8555985260009765 0.33745349884033204 0.37721832275390627 0.248358154296875 0.37607784271240235 0.24770936965942383 0.8544580841064453
1 0.40913589477539064 0.8484009552001953 0.4097921371459961 0.35703182220458984 0.34520057678222654 0.3562177276611328 0.3445443344116211 0.847586898803711
11 0.5251994705200196 0.8403067779541016 0.5261134338378907 0.35452278137207033 0.43669609069824217 0.3529350662231445 0.43578208923339845 0.8387190246582031
34 0.6132815551757812 0.8266529846191406 0.6151359176635742 0.3560538101196289 0.5297037506103516 0.35287670135498045 0.5278493118286133 0.8234758758544922
6 0.7241647338867188 0.8008168029785157 0.7246713256835937 0.32824073791503905 0.6398223114013671 0.32738231658935546 0.6393156814575195 0.7999583435058594
0 0.814414291381836 0.778943862915039 0.8149652099609375 0.3287688446044922 0.7323776245117187 0.32781497955322264 0.7318267059326172 0.7779899597167969
5 0.9005741882324219 0.7633250427246093 0.9011759185791015 0.3091422653198242 0.8195891571044922 0.3081222152709961 0.8189873504638672 0.762304916381836
3 0.9830455780029297 0.7450546264648438 0.9837495422363282 0.285213737487793 0.9040988159179687 0.28406286239624023 0.9033948516845703 0.7439037322998047
