22 0.1959853172302246 0.7921259307861328 0.19737268447875977 0.2816630363464355 0.1190453052520752 0.27906375885009765 0.11765793800354003 0.7895266723632812
17 0.2880372428894043 0.8037984466552734 0.28904893875122073 0.28890954971313476 0.20804075241088868 0.28696617126464846 0.20702903747558593 0.8018550872802734
0 0.37877017974853516 0.8015501403808594 0.37974086761474607 0.30532323837280273 0.299029655456543 0.30339553833007815 0.2980589485168457 0.7996224975585937
1 0.4599887466430664 0.8048931121826172 0.4611049652099609 0.30390268325805664 0.39697406768798826 0.302158088684082 0.3958578872680664 0.803148422241211
15 0.5529306411743165 0.8113697814941406 0.554288101196289 0.31133308410644533 0.4743643569946289 0.308684024810791 0.47300697326660157 0.808720703125
11 0.6393690872192382 0.8101461029052734 0.6402683258056641 0.31309852600097654 0.5615244674682617 0.31135910034179687 0.5606251907348633 0.8084066772460937
5 0.7263447570800782 0.8079199981689453 0.727083969116211 0.3048872375488281 0.648413314819336 0.3034756088256836 0.6476741027832031 0.8065083312988282
9 0.8061207580566406 0.7976740264892578 0.8072088623046875 0.31296085357666015 0.7345423889160156 0.3109691429138184 0.7334542846679688 0.7956822204589844
0 0.8899005889892578 0.7888948059082032 0.8912458038330078 0.3138211441040039 0.8179911041259765 0.3112886238098145 0.8166459655761719 0.7863623046875
0 0.9726316070556641 0.7831270599365234 0.9740947723388672 0.3133423042297363 0.90041748046875 0.31054019927978516 0.8989542388916015 0.7803250122070312
