22 0.14932290077209473 0.7410448455810547 0.22786182403564453 0.7407797241210937 0.22773258209228517 0.2760433006286621 0.14919365882873536 0.27630836486816407
17 0.311437816619873 0.741580581665039 0.3115371513366699 0.28168190002441407 0.23535221099853515 0.28148216247558594 0.23525283813476563 0.741380844116211
0 0.3958462142944336 0.7464204406738282 0.3960529327392578 0.2877449417114258 0.32147228240966796 0.2873370361328125 0.32126556396484374 0.7460124969482422
1 0.4620831298828125 0.7478932952880859 0.462736930847168 0.2752962112426758 0.4107791900634766 0.27442375183105466 0.4101253890991211 0.7470208740234375
13 0.5469695281982422 0.7523046112060547 0.5479581832885743 0.28044822692871096 0.47276840209960935 0.2785360527038574 0.47177974700927733 0.7503924560546875
29 0.6337453079223633 0.7609058380126953 0.6347806549072266 0.27946720123291013 0.5580162811279297 0.27746334075927737 0.5569808578491211 0.7589019775390625
7 0.7148439025878907 0.7551712036132813 0.7154839324951172 0.2831824493408203 0.6406755828857422 0.2819510459899902 0.6400355529785157 0.7539398956298828
1 0.7825103759765625 0.7634927368164063 0.7829433441162109 0.29442649841308594 0.7295669555664063 0.2938286972045898 0.7291339874267578 0.7628948974609375
3 0.8654451751708985 0.762054443359375 0.8663456726074219 0.3040376853942871 0.7940628814697266 0.3023128128051758 0.7931623077392578 0.76032958984375
0 0.9495117950439453 0.7541486358642578 0.9499330139160156 0.30933704376220705 0.8768434143066406 0.30849710464477537 0.8764221954345703 0.7533086395263672
