22 0.21587785720825195 0.6724064636230469 0.21613752365112304 0.22667049407958983 0.1420224952697754 0.22619550704956054 0.14176280975341796 0.6719314575195312
17 0.30006364822387693 0.6806159973144531 0.30059629440307617 0.23565032958984375 0.225213623046875 0.23465768814086915 0.22468095779418945 0.6796233367919922
0 0.380296516418457 0.6813832092285156 0.380830078125 0.2510239219665527 0.31284656524658205 0.25009668350219727 0.31231298446655276 0.6804560089111328
2 0.46565670013427735 0.6961878204345703 0.4658577346801758 0.2494156265258789 0.39288017272949216 0.24905437469482422 0.3926791000366211 0.6958265686035157
15 0.5506514739990235 0.700649642944336 0.551647605895996 0.2398124122619629 0.4758187866210937 0.23800941467285155 0.4748226547241211 0.6988466644287109
23 0.6329539489746093 0.7028643035888672 0.6339407730102539 0.2555114364624023 0.5580229949951172 0.25366916656494143 0.5570361709594727 0.7010220336914063
8 0.7113209533691406 0.697928695678711 0.7119428253173828 0.26835414886474607 0.6439869689941407 0.2672719383239746 0.6433650970458984 0.6968463897705078
8 0.792823486328125 0.699720230102539 0.7932010650634765 0.27296751022338867 0.7256742858886719 0.2723103713989258 0.7252967071533203 0.6990631103515625
6 0.8745587158203125 0.7026592254638672 0.8748739624023437 0.2720090103149414 0.8081431579589844 0.2714717102050781 0.8078278350830078 0.7021218872070313
9 0.9531733703613281 0.708779296875 0.9535530853271484 0.275181941986084 0.8886151885986329 0.2745563316345215 0.8882354736328125 0.7081536865234375
