22 0.21397993087768555 0.7320936584472656 0.21424287796020508 0.2885361862182617 0.13052773475646973 0.28800270080566404 0.1302647876739502 0.7315601348876953
17 0.2985388374328613 0.7304817199707031 0.2990440940856934 0.2935379219055176 0.21889814376831054 0.2925416564941406 0.21839288711547852 0.7294855499267578
0 0.3840176010131836 0.7331112670898438 0.3840505599975586 0.30281871795654297 0.30701728820800783 0.30275535583496094 0.30698436737060547 0.7330478668212891
2 0.4700005340576172 0.747259750366211 0.47002845764160156 0.30764877319335937 0.39239097595214845 0.3075958442687988 0.39236305236816404 0.7472068023681641
14 0.47628807067871093 0.750484848022461 0.5587556457519531 0.7503421020507812 0.5586817932128906 0.2916986274719238 0.4762142181396484 0.2918414688110352
25 0.6397335052490234 0.7502157592773437 0.6403023529052735 0.30879323959350585 0.563195571899414 0.30772512435913085 0.5626267242431641 0.7491476440429687
8 0.7228745269775391 0.7383230590820312 0.7236861419677735 0.31790124893188476 0.6509221649169922 0.3163911437988281 0.6501105499267578 0.7368128967285156
0 0.8078739929199219 0.7311969757080078 0.8080793762207031 0.3096681213378906 0.7338058471679687 0.3092790222167969 0.7336004638671875 0.730807876586914
6 0.8178677368164062 0.7318157196044922 0.889228515625 0.7315046691894531 0.8890542602539062 0.30199762344360354 0.8176934814453125 0.3023087692260742
7 0.9706710815429688 0.7336566162109375 0.9712229919433594 0.2905967903137207 0.8971688842773438 0.2896051788330078 0.8966169738769532 0.7326648712158204
