22 0.21226131439208984 0.7421798706054688 0.21281806945800782 0.24822681427001952 0.12506954193115236 0.24708063125610352 0.12451278686523437 0.7410337066650391
17 0.2942026901245117 0.7432372283935547 0.2949374008178711 0.26194530487060547 0.21394222259521484 0.2605123519897461 0.21320751190185547 0.7418042755126953
0 0.3820648193359375 0.7448979949951172 0.38234580993652345 0.2656171989440918 0.3001357078552246 0.2650586128234863 0.29985469818115235 0.7443394470214844
1 0.4538926315307617 0.7371933746337891 0.4546335601806641 0.26748271942138674 0.39501735687255857 0.2663929176330566 0.39427650451660157 0.7361034393310547
14 0.5511965179443359 0.752135009765625 0.5518449401855469 0.2562228202819824 0.46298824310302733 0.2548763656616211 0.4623398208618164 0.75078857421875
31 0.6246333694458008 0.748480453491211 0.625864143371582 0.2645884132385254 0.5541041946411133 0.26247314453125 0.5528733825683594 0.7463652038574219
0 0.7061559295654297 0.734357681274414 0.7067466735839844 0.27558507919311526 0.6336522674560547 0.2744943809509277 0.6330615234375 0.7332669830322266
8 0.7879524230957031 0.7251416015625 0.7883705139160156 0.2785528564453125 0.7172417449951172 0.27778116226196287 0.71682373046875 0.7243698883056641
1 0.8633367156982422 0.7308467864990235 0.863695297241211 0.2707360076904297 0.8051568603515625 0.2702073097229004 0.8047982788085938 0.7303181457519531
1 0.9326211547851563 0.7522405242919922 0.933686752319336 0.2793967056274414 0.8752978515625 0.2778717231750488 0.874232177734375 0.7507155609130859
