22 0.22419483184814454 0.8072996520996094 0.22463947296142578 0.27838954925537107 0.14320890426635743 0.27738222122192385 0.14276425361633302 0.8062922668457031
17 0.3098152542114258 0.8056483459472656 0.3104430770874023 0.2810152244567871 0.2319666862487793 0.2796335220336914 0.23133888244628906 0.8042666625976562
0 0.3955661392211914 0.7995296478271484 0.3959538650512695 0.2861184120178223 0.31972408294677734 0.2852714347839356 0.31933637619018557 0.798682632446289
5 0.48434589385986326 0.8004550170898438 0.4847159576416016 0.26880407333374023 0.4046572494506836 0.2679841804504395 0.40428714752197265 0.7996350860595703
15 0.5693744277954101 0.7991268157958984 0.5704597854614257 0.2698623466491699 0.49046939849853516 0.26744895935058594 0.4893840408325195 0.7967134094238282
31 0.6503935241699219 0.8001081085205078 0.6516629028320312 0.27972639083862305 0.5808555603027343 0.27718511581420896 0.5795861434936523 0.7975669097900391
1 0.7170280456542969 0.7947453308105469 0.7175783538818359 0.2809247398376465 0.6671201324462891 0.2801295471191406 0.66656982421875 0.7939501190185547
8 0.8010605621337891 0.7897928619384765 0.8017388916015625 0.289826717376709 0.7331922149658203 0.28845819473266604 0.7325138092041016 0.7884243774414063
0 0.8859825897216796 0.7904951477050781 0.8866082763671875 0.28784641265869143 0.8156616973876953 0.2865470314025879 0.8150360107421875 0.789195785522461
1 0.9540352630615234 0.7962493896484375 0.9545301055908203 0.27381908416748046 0.9027893829345703 0.27309804916381836 0.9022945404052735 0.7955283355712891
