22 0.2142464256286621 0.773363265991211 0.21509140014648437 0.30553981781005857 0.14152286529541017 0.3039239311218262 0.14067788124084474 0.7717474365234375
17 0.2961986351013184 0.7762168884277344 0.2965345764160156 0.3071765899658203 0.22283523559570312 0.30653472900390627 0.2224993133544922 0.7755750274658203
0 0.3761287689208984 0.7704541015625 0.3765812683105469 0.3046083450317383 0.3069925880432129 0.3037863349914551 0.30654010772705076 0.7696321105957031
1 0.4491711044311523 0.7689744567871094 0.44977745056152346 0.28996992111206055 0.40026920318603515 0.289207763671875 0.39966281890869143 0.7682122802734375
13 0.5385503005981446 0.7685418701171876 0.539367561340332 0.29503726959228516 0.46804706573486327 0.29354032516479495 0.4672297668457031 0.7670449829101562
11 0.6227101516723633 0.7696978759765625 0.6231091690063476 0.2944906044006348 0.5508822250366211 0.2937532043457031 0.5504832458496094 0.7689604187011718
0 0.7028337860107422 0.7603142547607422 0.7032057189941406 0.3022952651977539 0.6359442901611329 0.30163112640380857 0.6355723571777344 0.7596501159667969
7 0.7834907531738281 0.7601406860351563 0.7842525482177735 0.2871514892578125 0.7149934387207031 0.28579490661621093 0.7142316436767578 0.7587841033935547
0 0.8641280364990235 0.7608992767333984 0.8649767303466797 0.2968658256530762 0.7985108184814453 0.29538759231567385 0.797662124633789 0.7594210815429687
0 0.9469099426269532 0.7666081237792969 0.9480429077148438 0.29909467697143555 0.8811531066894531 0.2971232795715332 0.8800199890136718 0.7646366882324219
