22 0.18974542617797852 0.7530955505371094 0.18988218307495117 0.25110889434814454 0.11187877655029296 0.2508174133300781 0.11174203872680664 0.7528041076660156
17 0.2757889938354492 0.75281494140625 0.2763527870178223 0.26124317169189454 0.1998781967163086 0.26003997802734374 0.19931438446044922 0.7516117858886718
0 0.36377986907958987 0.7520262908935547 0.3639334487915039 0.265224609375 0.28862619400024414 0.2648986625671387 0.2884726142883301 0.7517002868652344
3 0.44909561157226563 0.759289779663086 0.4495875549316406 0.26630300521850586 0.3765862274169922 0.2653037643432617 0.3760942840576172 0.7582905578613282
10 0.5315181732177734 0.7723600769042969 0.5327637863159179 0.26655384063720705 0.4639555740356445 0.26422935485839844 0.46270992279052736 0.7700356292724609
27 0.6245580291748047 0.7725565338134766 0.6247282791137695 0.27525499343872073 0.5466318893432617 0.2748883628845215 0.5464616394042969 0.7721898651123047
2 0.7095227813720704 0.7728106689453125 0.7095922088623047 0.27978212356567383 0.6353203582763672 0.2796386528015137 0.6352509307861328 0.7726671600341797
5 0.72054931640625 0.7713252258300781 0.7984208679199218 0.77123779296875 0.7983793640136718 0.26407873153686523 0.7205078125 0.26416614532470706
1 0.8748817443847656 0.7739804077148438 0.8755703735351562 0.2622396659851074 0.8186172485351563 0.26118844985961914 0.8179286193847656 0.7729291534423828
0 0.9689967346191406 0.7668475341796875 0.9691203308105468 0.2783674621582031 0.8945181274414062 0.27810853958129883 0.89439453125 0.7665885925292969
