22 0.20624608993530275 0.6899794006347656 0.2073874855041504 0.2070038604736328 0.12924614906311035 0.20480804443359374 0.12810477256774902 0.6877835845947265
17 0.2914910316467285 0.7026323699951171 0.29247007369995115 0.20711933135986327 0.21353639602661134 0.20526487350463868 0.21255735397338868 0.7007778930664063
0 0.37743553161621096 0.7088258361816406 0.37840118408203127 0.235554256439209 0.2994123649597168 0.23363790512084961 0.2984467124938965 0.7069094085693359
1 0.4581542205810547 0.7171647644042969 0.45892494201660156 0.2332254409790039 0.3917955780029297 0.23195423126220704 0.39102485656738284 0.7158934783935547
15 0.5416091537475586 0.7240362548828125 0.5429716873168945 0.24041107177734375 0.4679551696777344 0.23789817810058594 0.46659271240234373 0.7215232849121094
11 0.6284087371826171 0.7256777191162109 0.629698257446289 0.24650577545166016 0.5526580810546875 0.24404054641723633 0.551368522644043 0.7232125091552735
9 0.7113984680175781 0.7275971221923828 0.7124189758300781 0.2548650550842285 0.6391493606567383 0.25298419952392576 0.6381287384033203 0.725716323852539
4 0.7964202117919922 0.7336001586914063 0.7968581390380859 0.253544979095459 0.7208831024169922 0.25272092819213865 0.7204451751708985 0.7327761077880859
9 0.8790013122558594 0.7394256591796875 0.8798893737792969 0.262692813873291 0.8041349792480469 0.2610148239135742 0.8032469177246093 0.7377476501464844
6 0.9609871673583984 0.7391864013671875 0.9617583465576172 0.2656441879272461 0.8902393341064453 0.26425939559936523 0.8894681549072265 0.7378015899658203
