22 0.11648460388183594 0.6928783416748047 0.1899646759033203 0.6928778839111328 0.18996442794799806 0.26748313903808596 0.11648435592651367 0.2674835968017578
17 0.27326589584350586 0.6978822326660157 0.27352529525756836 0.2711298751831055 0.20017372131347655 0.2706705856323242 0.19991432189941405 0.6974228668212891
0 0.35582317352294923 0.6905659484863281 0.3563004684448242 0.2803900146484375 0.2863043022155762 0.2795508575439453 0.28582698822021485 0.6897267913818359
2 0.4408797836303711 0.7054976654052735 0.4411749267578125 0.2814450645446777 0.3693048095703125 0.28092967987060546 0.3690096664428711 0.7049823760986328
15 0.5285530090332031 0.708076171875 0.5295331954956055 0.26792884826660157 0.4530408477783203 0.26617380142211916 0.4520606231689453 0.7063211822509765
27 0.6090087127685547 0.7109090423583985 0.6099227142333984 0.2758922576904297 0.5385636138916016 0.2743476104736328 0.5376496124267578 0.7093643951416015
8 0.6928802490234375 0.7003748321533203 0.6936458587646485 0.2938294792175293 0.62567138671875 0.29251068115234374 0.624905776977539 0.6990560913085937
7 0.7795655822753906 0.7132727813720703 0.7799205780029297 0.2769709014892578 0.7071375274658203 0.27636066436767576 0.7067825317382812 0.7126625061035157
7 0.8634231567382813 0.7160858154296875 0.8640237426757813 0.2772366142272949 0.7906910705566407 0.2762028312683105 0.7900904846191407 0.7150520324707031
0 0.9452240753173828 0.7149029541015625 0.9457709503173828 0.30088850021362307 0.875449447631836 0.299931697845459 0.8749025726318359 0.7139461517333985
