22 0.1278999423980713 0.8417497253417969 0.2119789505004883 0.841647720336914 0.21193021774291992 0.3100069808959961 0.1278512191772461 0.31010908126831055
17 0.2908831214904785 0.8185631561279297 0.29165241241455075 0.30123132705688477 0.21686485290527344 0.2997586441040039 0.21609554290771485 0.8170905303955078
0 0.38371612548828127 0.8052069854736328 0.3841897964477539 0.28095670700073244 0.30039283752441404 0.2799541091918945 0.2999190902709961 0.8042042541503907
2 0.4696682357788086 0.7988575744628906 0.46974979400634764 0.27290666580200196 0.38979869842529297 0.2727425765991211 0.3897171783447266 0.7986934661865235
16 0.5560614395141602 0.7866069793701171 0.5572786331176758 0.19660694122314454 0.4736942672729492 0.19432363510131836 0.4724770736694336 0.7843236541748047
17 0.643204345703125 0.7746933746337891 0.6438416290283203 0.22618795394897462 0.5608224868774414 0.22491065979003907 0.5601852035522461 0.7734161376953125
3 0.7226536560058594 0.7433544158935547 0.7233415222167969 0.22468931198120118 0.6473918914794922 0.22335559844970704 0.6467041015625 0.7420206451416016
3 0.8047606658935547 0.7310192108154296 0.805802001953125 0.20208845138549805 0.7307209014892578 0.2001310729980469 0.7296796417236329 0.7290618133544922
6 0.8926166534423828 0.7030009460449219 0.8928037261962891 0.20355093002319335 0.816399154663086 0.20317222595214843 0.816212158203125 0.7026221466064453
8 0.9728452301025391 0.6904887390136719 0.9733578491210938 0.19101591110229493 0.8990599060058594 0.19000616073608398 0.8985472106933594 0.6894789886474609
