22 0.18409595489501954 0.7993153381347656 0.1842825508117676 0.33274959564208983 0.10367204666137696 0.3323997497558594 0.10348543167114257 0.7989655303955078
17 0.19206758499145507 0.7885326385498047 0.2732043647766113 0.7883056640625 0.27308992385864256 0.34437889099121094 0.19195314407348632 0.3446058654785156
0 0.36140750885009765 0.78962646484375 0.3616532516479492 0.35238430023193357 0.28328832626342776 0.3519063186645508 0.2830426025390625 0.7891484832763672
1 0.44291000366210936 0.8077250671386719 0.443487548828125 0.3458208847045898 0.38340763092041014 0.3450057601928711 0.38283012390136717 0.8069099426269531
13 0.5405594635009766 0.8069218444824219 0.5416594696044922 0.347866325378418 0.46241188049316406 0.34580585479736325 0.46131187438964844 0.8048613739013671
14 0.6313918304443359 0.8162797546386719 0.6317765045166016 0.3504339599609375 0.5478314208984375 0.3496816635131836 0.5474466705322265 0.8155274200439453
2 0.7153641510009766 0.819954833984375 0.7160031127929688 0.37160816192626955 0.6369432830810546 0.37038555145263674 0.6363043212890624 0.8187322235107422
3 0.7999380493164062 0.8201835632324219 0.8010307312011719 0.3682429504394531 0.7253803253173828 0.36625816345214846 0.7242874908447265 0.8181987762451172
6 0.8861598205566407 0.8149146270751954 0.8863226318359375 0.3765413284301758 0.8125208282470703 0.37624385833740237 0.8123579406738282 0.8146172332763671
9 0.9682524871826171 0.8290237426757813 0.9687215423583985 0.38406265258789063 0.8953415679931641 0.3832231903076172 0.8948725128173828 0.8281842803955078
