22 0.16021066665649414 0.665745849609375 0.16024549484252928 0.18760486602783202 0.08175249099731445 0.18753686904907227 0.08171764373779297 0.6656778717041015
17 0.24655925750732421 0.6607051849365234 0.24670360565185548 0.18796955108642577 0.1697401809692383 0.1876900863647461 0.16959583282470703 0.6604257202148438
0 0.33265087127685544 0.666861572265625 0.3327936172485352 0.20447713851928712 0.2599393653869629 0.20420970916748046 0.25979665756225584 0.6665941619873047
4 0.4169948959350586 0.6702085113525391 0.4182723617553711 0.19701559066772462 0.3473870468139648 0.1947402000427246 0.34610958099365235 0.6679331207275391
22 0.4339653778076172 0.6823223114013672 0.5109227752685547 0.682064208984375 0.5107900619506835 0.21133922576904296 0.4338326263427734 0.21159734725952148
23 0.5989228057861328 0.6860070037841797 0.5994544219970703 0.217916316986084 0.5203956985473632 0.2168486785888672 0.5198640823364258 0.6849394226074219
4 0.6805945587158203 0.681856689453125 0.6816461944580078 0.21624204635620117 0.6110051727294922 0.21434488296508789 0.6099535751342774 0.6799595642089844
4 0.7664625549316406 0.6998922729492187 0.7676338195800781 0.22447446823120118 0.6965858459472656 0.22239328384399415 0.6954145812988282 0.6978111267089844
8 0.8562674713134766 0.6976847839355469 0.8565467071533203 0.23636125564575194 0.7838968658447265 0.23583831787109374 0.7836176300048828 0.697161865234375
1 0.9393144989013672 0.7149516296386719 0.9397274017333984 0.23115285873413086 0.8811536407470704 0.23055843353271485 0.880740737915039 0.7143572235107422
