22 0.20434505462646485 0.7836479949951172 0.20446903228759766 0.2789492225646973 0.12644575119018556 0.2786863708496094 0.12632181167602538 0.7833851623535156
17 0.28947540283203127 0.7874556732177734 0.29016149520874024 0.28615934371948243 0.21183568954467774 0.284688835144043 0.2111496162414551 0.7859851837158203
0 0.37418930053710936 0.7853643035888672 0.37454002380371093 0.3011639976501465 0.29996145248413086 0.3004230308532715 0.29961076736450193 0.7846233367919921
1 0.3951454162597656 0.8021699523925782 0.4504632568359375 0.8021160125732422 0.45042709350585936 0.2944866371154785 0.3951092529296875 0.29454063415527343
13 0.5429967498779297 0.8000420379638672 0.5438977432250977 0.30012697219848633 0.4671621322631836 0.29822994232177735 0.4662611770629883 0.7981449890136719
33 0.6306932067871094 0.8140010070800782 0.631562728881836 0.3000260543823242 0.551877098083496 0.2981768226623535 0.5510074996948242 0.8121517181396485
4 0.711915283203125 0.8176617431640625 0.7125263977050781 0.31551197052001956 0.6376865005493164 0.31426254272460935 0.6370753479003907 0.816412353515625
6 0.7969161987304687 0.8042697143554688 0.7973883056640625 0.3215153121948242 0.7246060180664062 0.32053905487060547 0.7241339111328124 0.80329345703125
8 0.8796245574951171 0.8035541534423828 0.8799898529052734 0.32894214630126956 0.8077552032470703 0.32817951202392576 0.8073899078369141 0.8027914428710937
8 0.9619647979736328 0.8049706268310547 0.9623340606689453 0.3326935958862305 0.8916693878173828 0.33193561553955075 0.8913001251220704 0.804212646484375
