22 0.22127286911010743 0.8067205047607422 0.2215446090698242 0.32786266326904295 0.14074323654174806 0.32728759765625 0.14047151565551758 0.8061454010009765
17 0.31100849151611326 0.8061741638183594 0.31129016876220705 0.33425926208496093 0.23224832534790038 0.33366744995117187 0.23196662902832033 0.8055823516845703
0 0.3969502258300781 0.7991355895996094 0.3972755813598633 0.32932849884033205 0.3213007354736328 0.3286685562133789 0.32097537994384767 0.7984756469726563
1 0.46015129089355467 0.8117302703857422 0.46070022583007814 0.32840885162353517 0.406691780090332 0.32763946533203125 0.4061428451538086 0.810960922241211
13 0.5375054550170898 0.8064205932617188 0.5378637313842773 0.32815502166748045 0.46667236328125 0.32748607635498045 0.4663140487670898 0.8057515716552734
11 0.6186946105957031 0.8023091888427735 0.6192350387573242 0.33174407958984375 0.5471112060546875 0.3307048797607422 0.5465707778930664 0.8012699127197266
6 0.7045445251464844 0.8004313659667969 0.7047914123535156 0.3212799835205078 0.6318826675415039 0.3208086395263672 0.6316357803344727 0.7999600219726563
6 0.7860794830322265 0.7921195220947266 0.7864811706542969 0.3255967330932617 0.7118418884277343 0.3247904968261719 0.7114401245117188 0.791313247680664
4 0.870189437866211 0.8152809143066406 0.8713465881347656 0.32278549194335937 0.79262451171875 0.32046554565429686 0.7914673614501954 0.8129608917236328
7 0.9530218505859375 0.8177715301513672 0.9538060760498047 0.32605369567871095 0.8752824401855469 0.32448307037353513 0.8744982147216797 0.816200942993164
