22 0.1969837188720703 0.7667842102050781 0.19734638214111327 0.338046875 0.11431645393371583 0.33736095428466795 0.11395377159118653 0.7660982513427734
17 0.2839263916015625 0.770119400024414 0.2847059440612793 0.3332981491088867 0.20307119369506835 0.3318754959106445 0.20229166030883788 0.7686967468261718
0 0.36929180145263674 0.7529468536376953 0.36960636138916014 0.3458135223388672 0.29434589385986326 0.34524559020996093 0.29403129577636716 0.752378921508789
4 0.45884716033935546 0.7697383117675781 0.45972499847412107 0.34365753173828123 0.3794461441040039 0.342042236328125 0.3785683059692383 0.7681230163574219
17 0.5486502838134766 0.7650106811523437 0.5491773605346679 0.34128192901611326 0.4689385223388672 0.3403072738647461 0.4684114837646484 0.7640360260009765
22 0.6341150283813477 0.7619712829589844 0.6349866485595703 0.3328350067138672 0.5566343688964843 0.3312808990478516 0.5557627868652344 0.7604171752929687
9 0.7192120361328125 0.7479439544677734 0.7195564270019531 0.34125213623046874 0.6440167236328125 0.3406273651123047 0.6436723327636719 0.7473191833496093
8 0.8034544372558594 0.7487437438964843 0.8042494201660156 0.34637569427490233 0.7303384399414062 0.3449496078491211 0.72954345703125 0.7473176574707031
1 0.8802818298339844 0.7681581878662109 0.8809352111816406 0.3318020248413086 0.8241111755371093 0.33097110748291014 0.8234577941894531 0.7673272705078125
1 0.9660695648193359 0.7583849334716797 0.9670258331298828 0.33613861083984375 0.9085082244873047 0.3348443603515625 0.9075519561767578 0.7570906829833984
