22 0.21967578887939454 0.7754886627197266 0.2197951316833496 0.30708003997802735 0.14002060890197754 0.30683418273925783 0.13990124702453613 0.7752427673339843
17 0.30501708984375 0.7855968475341797 0.3059712982177734 0.3236978530883789 0.22723697662353515 0.3217308044433594 0.2262827682495117 0.7836298370361328
0 0.38866947174072264 0.7874293518066406 0.38906253814697267 0.34375442504882814 0.31458723068237304 0.34295642852783204 0.31419416427612307 0.7866313171386718
4 0.4725516891479492 0.8101158905029296 0.47292510986328123 0.34293045043945314 0.3982841110229492 0.34220893859863283 0.39791069030761717 0.8093943786621094
14 0.5615752792358398 0.81726806640625 0.5619694137573242 0.33802448272705077 0.48230518341064454 0.3372322463989258 0.48191104888916014 0.816475830078125
15 0.6441462707519531 0.8163767242431641 0.6451095581054688 0.34963626861572267 0.566256103515625 0.34766803741455077 0.5652927780151367 0.8144084930419921
8 0.7231294250488282 0.8054132843017578 0.7234953308105468 0.36174373626708983 0.6521047210693359 0.36103172302246095 0.6517388916015625 0.8047012329101563
1 0.788455810546875 0.8027427673339844 0.7891693878173828 0.3475415802001953 0.7380177307128907 0.34657184600830077 0.7373041534423828 0.8017730712890625
5 0.8738914489746094 0.7980507659912109 0.8742839050292969 0.3367549133300781 0.7971007537841797 0.3359608840942383 0.7967083740234375 0.7972567749023437
7 0.9498851013183593 0.7984292602539063 0.9504279327392579 0.3326073455810547 0.877841796875 0.33158432006835936 0.8772990417480468 0.7974061584472656
