22 0.21024520874023436 0.6917806243896485 0.21027820587158202 0.25790765762329104 0.1316855239868164 0.257845458984375 0.13165253639221192 0.6917184448242187
17 0.29120578765869143 0.6945948791503906 0.29210380554199217 0.26191551208496094 0.21557395935058593 0.26026269912719724 0.21467594146728516 0.6929420471191406
0 0.37396778106689454 0.7032841491699219 0.37427349090576173 0.2706463623046875 0.2991650390625 0.27009403228759765 0.29885929107666015 0.7027318572998047
2 0.45649574279785154 0.7104825592041015 0.45696273803710935 0.2804071044921875 0.3823496246337891 0.27956405639648435 0.38188262939453127 0.7096395111083984
16 0.5427238464355468 0.7068970489501953 0.5429637908935547 0.2784722709655762 0.46950210571289064 0.278044261932373 0.4692621612548828 0.7064689636230469
17 0.626435775756836 0.7152899169921875 0.6268620300292969 0.27720399856567385 0.5506097793579101 0.2764320373535156 0.5501834869384765 0.7145179748535156
1 0.6902486419677735 0.7124354553222656 0.6906018829345704 0.28595542907714844 0.6397925567626953 0.28551753997802737 0.6394393539428711 0.7119976043701172
6 0.776552505493164 0.7147731018066407 0.7765964508056641 0.2933238983154297 0.7024422454833984 0.2932433128356934 0.7023983001708984 0.7146925354003906
7 0.860805892944336 0.7186607360839844 0.8610413360595703 0.29160266876220703 0.7849433135986328 0.29116607666015626 0.7847078704833984 0.7182241821289063
6 0.9450438690185546 0.7294101715087891 0.9452989959716797 0.30439075469970706 0.8704560089111328 0.303923282623291 0.8702008819580078 0.7289427185058593
