22 0.2088471221923828 0.7134382629394531 0.20895763397216796 0.27600282669067383 0.11936408042907715 0.2757880783081055 0.11925354957580567 0.7132234954833985
17 0.2974999809265137 0.7112592315673828 0.2978813552856445 0.28493141174316405 0.21084251403808593 0.28419281005859376 0.21046113967895508 0.7105206298828125
0 0.3844883728027344 0.707677001953125 0.3847678756713867 0.2913238143920898 0.30074066162109375 0.29078868865966795 0.3004611396789551 0.7071418762207031
1 0.4527166748046875 0.7115321350097656 0.4533331680297852 0.2972787094116211 0.3938274765014648 0.2964387321472168 0.39321102142333986 0.710692138671875
13 0.5409184646606445 0.7157448577880859 0.5414130783081055 0.2891477394104004 0.4554476547241211 0.28820213317871096 0.4549530410766602 0.7147992706298828
29 0.6215975189208984 0.7140541839599609 0.6221277236938476 0.28878807067871093 0.5452911376953125 0.2878793525695801 0.5447609329223633 0.7131454467773437
9 0.7062661743164063 0.7185083770751953 0.7066501617431641 0.30706878662109377 0.6266293334960937 0.3063602828979492 0.6262453079223633 0.7177998352050782
4 0.7874314880371094 0.7197284698486328 0.7883749389648438 0.30399795532226564 0.7121820068359375 0.3023577308654785 0.7112384796142578 0.7180882263183593
1 0.8590318298339844 0.7167397308349609 0.8599907684326172 0.3044242286682129 0.7989507293701172 0.30307748794555667 0.7979917907714844 0.7153929901123047
7 0.936562271118164 0.7284984588623047 0.937569580078125 0.30215681076049805 0.8597122955322266 0.3004117393493652 0.8587049865722656 0.7267533874511719
