22 0.23769773483276369 0.707532730102539 0.2386475944519043 0.33979110717773436 0.16527721405029297 0.3379452514648438 0.164327392578125 0.7056868743896484
17 0.315679988861084 0.7159934997558594 0.3170138027438056 0.3601828474018632 0.24583328247070313 0.3633734130859375 0.24564104080200194 0.7156211853027343
0 0.3928111267089844 0.7193257904052734 0.39308555603027345 0.3587497329711914 0.32647754669189455 0.35825592041015625 0.3262031173706055 0.7188320159912109
1 0.45365898132324217 0.7212139129638672 0.4542983627319336 0.3536151123046875 0.40964336395263673 0.3528586196899414 0.40900402069091796 0.7204574584960938
13 0.5305917739868165 0.7206610107421875 0.5312669372558594 0.3531512832641602 0.4646105194091797 0.3519586944580078 0.4639353942871094 0.7194683837890625
25 0.607365608215332 0.7215721893310547 0.6077647399902344 0.3565607833862305 0.5422298431396484 0.35586292266845704 0.5418307113647461 0.7208743286132813
7 0.6843606567382813 0.7270330047607422 0.6849839019775391 0.35255340576171873 0.6190470504760742 0.3514845275878906 0.6184237670898437 0.7259641265869141
0 0.7628092956542969 0.7218297576904297 0.7630357360839843 0.37174510955810547 0.6972213745117187 0.37133026123046875 0.6969949340820313 0.7214149475097656
4 0.8387281799316406 0.7334553527832032 0.8393413543701171 0.35891117095947267 0.7718597412109375 0.35783531188964846 0.7712466430664062 0.7323794555664063
7 0.9145700073242188 0.734259033203125 0.9154255676269532 0.35617149353027344 0.8476380157470703 0.35467746734619143 0.8467823791503907 0.7327650451660156
