22 0.17822193145751952 0.7697877502441406 0.17888858795166016 0.280250244140625 0.10031412124633789 0.27864355087280274 0.0996474838256836 0.7681809997558594
17 0.28042819976806643 0.7687701416015625 0.280926399230957 0.19194698333740234 0.1924060821533203 0.19079906463623048 0.19190792083740235 0.7676222229003906
0 0.3639449691772461 0.7588227844238281 0.3646553039550781 0.23559001922607423 0.2930687713623047 0.23413076400756835 0.29235843658447264 0.7573635864257813
2 0.45050098419189455 0.7765390014648438 0.4509787368774414 0.2299991226196289 0.37746318817138674 0.22903411865234374 0.37698543548583985 0.7755740356445312
14 0.5413177108764649 0.7755007934570313 0.5417713928222656 0.20960554122924804 0.46204036712646485 0.20864561080932617 0.46158668518066404 0.7745408630371093
14 0.6342413330078125 0.7632910919189453 0.6348477554321289 0.20416912078857422 0.548971061706543 0.20277067184448241 0.5483646392822266 0.7618927001953125
1 0.7013710021972657 0.7493741607666016 0.7019416809082031 0.22373945236206055 0.6474567413330078 0.22285133361816406 0.6468861389160157 0.7484860229492187
0 0.7929666900634765 0.7411138153076172 0.7936481475830078 0.23383581161499023 0.7249896240234375 0.23245079040527344 0.7243081665039063 0.739728775024414
5 0.8799834442138672 0.734090576171875 0.880609130859375 0.20866653442382813 0.8079464721679688 0.20736709594726563 0.8073207092285156 0.7327910614013672
8 0.9630958557128906 0.7347230529785156 0.9636556243896485 0.23460575103759765 0.8951457214355468 0.23345443725585938 0.894585952758789 0.73357177734375
