22 0.208112850189209 0.7485346984863281 0.20925813674926758 0.31242591857910157 0.13382619857788086 0.3103646278381348 0.13268094062805175 0.746473388671875
17 0.29531265258789063 0.756090316772461 0.295528736114502 0.31540164947509763 0.219193172454834 0.31501203536987304 0.21897706985473633 0.7557007598876954
0 0.3802040100097656 0.7503598022460938 0.38063133239746094 0.3221651840209961 0.30849510192871094 0.321416015625 0.3080677604675293 0.7496106719970703
2 0.46667587280273437 0.761446304321289 0.46693511962890627 0.3216765594482422 0.3955982208251953 0.3212389755249023 0.39533897399902346 0.7610087585449219
16 0.5546845626831055 0.7423860931396484 0.5547128295898438 0.3101342582702637 0.4829361724853516 0.3100855255126953 0.48290794372558593 0.742337417602539
25 0.6397050476074219 0.7573593139648438 0.6403148651123047 0.31403762817382813 0.5649703598022461 0.312959156036377 0.5643605422973633 0.7562808990478516
6 0.7230191040039062 0.7474786376953125 0.7233834838867188 0.32243244171142577 0.6553660583496094 0.3218257904052734 0.6550016784667969 0.7468720245361328
8 0.808197021484375 0.7435696411132813 0.8090861511230468 0.320970458984375 0.7396769714355469 0.3194508934020996 0.738787841796875 0.7420500183105468
7 0.8962835693359374 0.7541726684570312 0.8963885498046875 0.30576988220214846 0.82302490234375 0.3055910682678223 0.822919921875 0.7539938354492187
3 0.9791971588134766 0.7494050598144532 0.9795093536376953 0.32084083557128906 0.9101032257080078 0.3203147506713867 0.9097910308837891 0.7488790130615235
