22 0.13092316627502443 0.7611042785644532 0.20730369567871093 0.7607257080078125 0.20711416244506836 0.26935127258300784 0.130733642578125 0.2697298812866211
17 0.28952363967895506 0.7592117309570312 0.28973194122314455 0.28150976181030274 0.21527914047241212 0.28109249114990237 0.21507080078125 0.7587944793701172
0 0.3732000350952148 0.7573614501953125 0.37333335876464846 0.2856074333190918 0.30075809478759763 0.2853439521789551 0.30062475204467776 0.7570979309082031
2 0.45438720703125 0.7717285919189453 0.45506885528564456 0.2876721382141113 0.38249591827392576 0.2863588333129883 0.3818142318725586 0.7704152679443359
11 0.5409303283691407 0.770540542602539 0.5413045883178711 0.2820454788208008 0.4656517028808594 0.2813007164001465 0.46527748107910155 0.7697958374023437
19 0.623436164855957 0.7700106811523437 0.6244336318969727 0.2871209907531738 0.5516061019897461 0.285187931060791 0.5506086349487305 0.7680776977539062
9 0.70272216796875 0.7738192749023437 0.7031874084472656 0.2995742225646973 0.6335071182250976 0.29869588851928713 0.6330419158935547 0.772940902709961
5 0.7877155303955078 0.7784233856201171 0.7879088592529296 0.2948216438293457 0.7136820983886719 0.29444026947021484 0.7134888458251953 0.7780419921875
3 0.8682497406005859 0.7784895324707031 0.8692007446289063 0.3088719940185547 0.7992977142333985 0.30705326080322265 0.7983468627929687 0.7766707611083984
6 0.9520690155029297 0.7805219268798829 0.9524564361572265 0.3172033500671387 0.8832074737548828 0.31645917892456055 0.8828199768066406 0.7797777557373047
