22 0.20766374588012695 0.7735957336425782 0.20770597457885742 0.31550413131713867 0.12648021697998046 0.3154183578491211 0.12643797874450682 0.7735099792480469
17 0.29183738708496093 0.7730496978759765 0.2925891494750977 0.31631425857543943 0.21445701599121095 0.3148418617248535 0.21370525360107423 0.771577377319336
0 0.3765639495849609 0.7724930572509766 0.3769735336303711 0.32530651092529295 0.30078653335571287 0.3245075607299805 0.30037694931030273 0.7716941070556641
1 0.4443257904052734 0.7819383239746094 0.4448550796508789 0.3197085189819336 0.3916633605957031 0.31901111602783205 0.39113407135009765 0.7812409210205078
13 0.5313504791259765 0.7713085174560547 0.5321334075927734 0.3190256881713867 0.45450138092041015 0.31748714447021487 0.4537185287475586 0.7697699737548828
11 0.6155942153930664 0.7764303588867187 0.6163114166259765 0.3263962936401367 0.539998893737793 0.3250037384033203 0.5392816543579102 0.775037841796875
9 0.7000119018554688 0.7810956573486328 0.7004296112060547 0.33482139587402343 0.6269825744628906 0.334034309387207 0.6265649032592774 0.7803085327148438
2 0.7847074127197265 0.7816082000732422 0.785215072631836 0.33903873443603516 0.7086026763916016 0.33803253173828124 0.7080949401855469 0.780602035522461
3 0.8673097991943359 0.7875228118896485 0.868263168334961 0.3375485610961914 0.7940165710449218 0.3357474899291992 0.7930632019042969 0.7857217407226562
7 0.9524594879150391 0.7930529022216797 0.953206787109375 0.33033046722412107 0.8788233947753906 0.32895503997802733 0.8780760955810547 0.7916775512695312
