22 0.21564001083374024 0.7014390563964844 0.215728759765625 0.2589221382141113 0.14077022552490234 0.2587476348876953 0.14068147659301758 0.7012646484375
17 0.29475801467895507 0.7035348510742188 0.29518917083740237 0.27152692794799804 0.22336559295654296 0.27069499969482425 0.22293443679809571 0.7027029418945312
0 0.3735329055786133 0.697736587524414 0.37394908905029295 0.27617559432983396 0.3057997512817383 0.27539480209350586 0.3053836250305176 0.6969557952880859
4 0.45380516052246095 0.7261957550048828 0.4546735382080078 0.29384092330932615 0.38803695678710937 0.29228750228881833 0.3871685791015625 0.724642333984375
21 0.5322298431396484 0.7293109130859375 0.5334726715087891 0.2953633308410645 0.46583942413330076 0.2931152534484863 0.4645965957641602 0.7270629119873047
34 0.6177111434936523 0.7362242126464844 0.6187370300292969 0.28090099334716795 0.5503727722167969 0.27911325454711916 0.5493468475341797 0.7344364929199219
2 0.6972224426269531 0.7408506774902344 0.6974718475341797 0.30932113647460935 0.628100929260254 0.30885580062866214 0.6278515625 0.7403853607177734
5 0.7795732116699219 0.7425666046142578 0.7801324462890625 0.3004106330871582 0.707064208984375 0.29933801651000974 0.7065049743652344 0.741493911743164
2 0.8581832885742188 0.7589216613769532 0.858477554321289 0.32266849517822266 0.7881656646728515 0.3221179962158203 0.7878713989257813 0.7583712005615234
5 0.9442161560058594 0.7605475616455079 0.9445842742919922 0.3125182723999023 0.8672565460205078 0.31178098678588867 0.866888427734375 0.7598104095458984
