22 0.212043399810791 0.7339383697509766 0.21210683822631837 0.26411285400390627 0.13724257469177245 0.26398845672607424 0.1371791172027588 0.7338138580322265
17 0.2960302734375 0.738782730102539 0.2966152191162109 0.27695301055908206 0.22313098907470702 0.2758071517944336 0.2225460433959961 0.737636947631836
0 0.37996089935302735 0.7423853302001953 0.3801214981079102 0.2880522346496582 0.308032341003418 0.2877385711669922 0.3078717613220215 0.742071762084961
3 0.4630241394042969 0.749463119506836 0.46380271911621096 0.2882549476623535 0.3918241882324219 0.28675893783569334 0.3910456085205078 0.7479671478271485
12 0.5458268356323243 0.7467733001708985 0.5468047714233398 0.29054033279418945 0.4760088729858398 0.2886720085144043 0.4750309371948242 0.744905014038086
20 0.6308986663818359 0.7540396118164062 0.6317768859863281 0.28597957611083985 0.5565501403808594 0.28424184799194335 0.5556719207763672 0.7523018646240235
0 0.7137224578857422 0.7485715484619141 0.7139084625244141 0.2938907814025879 0.6412088775634766 0.2935245132446289 0.6410228729248046 0.7482052612304687
7 0.7956048583984375 0.7493507385253906 0.796212158203125 0.2802322578430176 0.7251577758789063 0.27909982681274415 0.7245504760742187 0.7482181549072265
2 0.8751129913330078 0.7533979797363282 0.875399398803711 0.2992365646362305 0.8026355743408203 0.29867177963256836 0.8023491668701171 0.752833251953125
9 0.9562074279785157 0.7491417694091796 0.9565919494628906 0.2978826141357422 0.8875863647460938 0.2971587562561035 0.8872018432617188 0.7484178924560547
