22 0.2402760887145996 0.685858383178711 0.24035295486450195 0.2773833656311035 0.16698326110839845 0.27724031448364256 0.16690637588500976 0.68571533203125
17 0.32184131622314455 0.6816806030273438 0.3225602722167969 0.28602201461791993 0.25023162841796875 0.28466039657592773 0.24951269149780272 0.6803189849853516
1 0.38881622314453124 0.6728890228271485 0.3894603729248047 0.27394489288330076 0.34250900268554685 0.27315946578979494 0.3418648910522461 0.6721036529541016
2 0.476757698059082 0.6870516967773438 0.4770850372314453 0.2846733283996582 0.40824352264404296 0.28409313201904296 0.4079162216186523 0.6864715576171875
32 0.5573156356811524 0.6896443939208985 0.5585663986206054 0.2821744728088379 0.4862644958496094 0.27987510681152344 0.48501373291015626 0.6873450469970703
19 0.6341400146484375 0.675479507446289 0.6351336288452148 0.2851462936401367 0.5670244598388672 0.2833501052856445 0.5660308456420898 0.6736833190917969
9 0.7112516021728515 0.6774408721923828 0.7116278839111329 0.28076854705810544 0.6451882934570312 0.2801156425476074 0.64481201171875 0.6767879486083984
6 0.7895246124267579 0.6759371948242188 0.7898055267333984 0.28510969161987304 0.722739486694336 0.2846102714538574 0.7224585723876953 0.6754377746582031
3 0.8668389892578126 0.6860173797607422 0.8677164459228516 0.28659475326538086 0.8017974853515625 0.2850944900512695 0.8009200286865235 0.6845171356201172
2 0.944703598022461 0.6924874877929688 0.9451143646240234 0.2934471321105957 0.8769863891601563 0.29272056579589845 0.8765756225585938 0.6917608642578125
