22 0.1474903392791748 0.7535905456542968 0.23500310897827148 0.7531913757324219 0.23484138488769532 0.25762483596801755 0.14732861518859863 0.25802404403686524
17 0.31926483154296875 0.7407467651367188 0.31994428634643557 0.2605870056152344 0.23779863357543946 0.25896219253540037 0.23711915969848632 0.7391220092773437
0 0.4046287536621094 0.7412371063232421 0.40492523193359375 0.2605801010131836 0.32422016143798826 0.25988426208496096 0.32392364501953125 0.7405413055419922
1 0.47444835662841794 0.7435090637207031 0.47525264739990236 0.2598179054260254 0.42137474060058594 0.2585656356811523 0.4205704498291016 0.7422567749023438
15 0.5599618530273438 0.7443018341064453 0.560562744140625 0.23937036514282226 0.4761003875732422 0.23796552658081055 0.4754994964599609 0.7428970336914062
11 0.6417800903320312 0.7369906616210937 0.6425420379638672 0.24989028930664062 0.5626368713378906 0.24814306259155272 0.5618748474121094 0.7352433776855469
6 0.724315185546875 0.7193193054199218 0.7246040344238281 0.24074291229248046 0.6494906616210937 0.24010913848876952 0.6492018127441406 0.718685531616211
0 0.8076833343505859 0.7084035491943359 0.8082122039794922 0.23310705184936523 0.7303007507324218 0.23189510345458986 0.729771728515625 0.7071915435791015
1 0.8779483795166015 0.7033370971679688 0.8788868713378907 0.22577112197875976 0.8209507751464844 0.22417978286743165 0.82001220703125 0.7017458343505859
6 0.9615191650390625 0.7013735961914063 0.9620291900634765 0.22747694015502928 0.8843156433105469 0.22630800247192384 0.8838056945800781 0.7002046203613281
