22 0.20440301895141602 0.6868928527832031 0.2047186851501465 0.2598805809020996 0.12825613975524902 0.25929311752319334 0.12794047355651855 0.6863053894042969
17 0.2849399185180664 0.6861302185058594 0.2858247184753418 0.25668165206909177 0.2108180046081543 0.2550754165649414 0.20993320465087892 0.6845240020751953
0 0.3653541946411133 0.6816130828857422 0.36554901123046873 0.27028751373291016 0.2932232093811035 0.2699314308166504 0.29302831649780275 0.6812570190429688
3 0.44478893280029297 0.6901087188720703 0.4450425338745117 0.2664321708679199 0.3734720230102539 0.26598682403564455 0.37321842193603516 0.6896633911132812
13 0.5250016021728515 0.6928932189941406 0.5258738327026368 0.26971561431884766 0.4531619262695312 0.26815784454345704 0.45228961944580076 0.69133544921875
31 0.606447982788086 0.70065185546875 0.6075702285766602 0.27425479888916016 0.5394683456420899 0.2723919677734375 0.5383461761474609 0.6987890625
8 0.6886851501464843 0.688663101196289 0.689201889038086 0.28305879592895505 0.6177390670776367 0.2821122932434082 0.6172222518920898 0.6877166748046875
1 0.7537049102783203 0.6951683807373047 0.7539525604248047 0.28255399703979495 0.7022194671630859 0.2822312927246094 0.7019718170166016 0.6948456573486328
2 0.8348527526855469 0.7064517974853516 0.8353240966796875 0.28758609771728516 0.7623110961914062 0.2867320442199707 0.7618397521972656 0.7055977630615234
6 0.9203889465332031 0.7048897552490234 0.9206217956542969 0.2913384437561035 0.8468478393554687 0.29090686798095705 0.846614990234375 0.7044582366943359
