22 0.2047347068786621 0.7542588806152344 0.20477014541625976 0.2934014511108398 0.12434447288513184 0.2933279228210449 0.12430903434753418 0.7541853332519531
17 0.2886323356628418 0.7623150634765625 0.28931886672973633 0.29917722702026367 0.2100584602355957 0.2977802085876465 0.20937192916870118 0.7609180450439453
0 0.3732034683227539 0.7653319549560547 0.37351116180419924 0.3134209823608398 0.2977041816711426 0.31280735015869143 0.29739654541015625 0.7647183227539063
4 0.3821994781494141 0.7841424560546875 0.4595355224609375 0.7830889129638672 0.45900238037109375 0.31771585464477536 0.3816663360595703 0.31876928329467774
22 0.5440532684326171 0.7870840454101562 0.544911994934082 0.32627166748046876 0.46690391540527343 0.3245431900024414 0.4660452270507813 0.7853556060791016
15 0.6297724151611328 0.7905745697021485 0.630404052734375 0.329205322265625 0.5506545257568359 0.3279071807861328 0.5500228881835938 0.7892763519287109
5 0.7159241485595703 0.8004489135742188 0.7162984466552734 0.3341973876953125 0.6346305465698242 0.33341762542724607 0.6342561721801758 0.7996691131591797
6 0.7231741333007813 0.8048775482177735 0.7966134643554688 0.8047557830810547 0.7965507507324219 0.35532432556152344 0.7231114196777344 0.35544605255126954
5 0.8843767547607422 0.8159062957763672 0.8846411895751953 0.3498672866821289 0.8041847991943359 0.3493245697021484 0.8039203643798828 0.8153635406494141
8 0.9634211730957031 0.8224718475341797 0.9642349243164062 0.3812687683105469 0.8919033813476562 0.3796823501586914 0.8910896301269531 0.8208854675292969
