22 0.21134063720703125 0.7701632690429687 0.21244094848632813 0.3077476310729981 0.13376678466796876 0.30550580978393554 0.13266647338867188 0.767921371459961
17 0.29589832305908204 0.7718545532226563 0.2962208938598633 0.3117489242553711 0.21885255813598634 0.3110994338989258 0.2185300064086914 0.7712051391601562
0 0.37941162109375 0.7713909912109375 0.3797260665893555 0.318787784576416 0.3046398162841797 0.31816314697265624 0.3043254089355469 0.7707663726806641
1 0.4444231414794922 0.7783442687988281 0.44487735748291013 0.31526058197021484 0.39331779479980467 0.3146549415588379 0.3928635787963867 0.7777386474609375
14 0.5349199295043945 0.7845953369140625 0.5349385070800782 0.30688398361206054 0.4540297698974609 0.3068464469909668 0.45401126861572266 0.7845578002929687
31 0.6134848022460937 0.7804735565185547 0.6143835830688477 0.3178093719482422 0.5447396087646484 0.3161892318725586 0.5438407516479492 0.7788534545898438
4 0.6979212188720703 0.7856173706054688 0.6979984283447266 0.32538177490234377 0.6229996490478515 0.32523117065429685 0.622922477722168 0.7854667663574219
2 0.7793762969970703 0.7975653076171875 0.7798246765136718 0.3436070251464844 0.7089822387695313 0.3427690887451172 0.7085338592529297 0.7967273712158203
2 0.864504623413086 0.8034420013427734 0.8649918365478516 0.34659992218017577 0.7929861450195312 0.3456802749633789 0.7924989318847656 0.8025223541259766
2 0.9478893280029297 0.810436019897461 0.9480953979492187 0.3538027572631836 0.8755162048339844 0.3534105682373047 0.8753102111816407 0.8100437927246094
