22 0.22984262466430663 0.7539559173583984 0.2306005859375 0.2765805435180664 0.14531214714050292 0.27486669540405273 0.14455419540405273 0.7522420501708984
17 0.3140778160095215 0.7455326843261719 0.31462080001831055 0.27440223693847654 0.23311195373535157 0.27321332931518555 0.2325689697265625 0.7443437194824218
0 0.3989668655395508 0.7431748199462891 0.399425163269043 0.2741493606567383 0.3190396118164063 0.2731551742553711 0.31858131408691404 0.7421807861328125
1 0.4648468017578125 0.7394824981689453 0.46560451507568357 0.27525476455688475 0.40684051513671876 0.2740408706665039 0.40608280181884765 0.7382685852050781
14 0.5549748611450195 0.7469361114501953 0.5557125854492188 0.25676464080810546 0.4686518478393555 0.25510635375976565 0.46791412353515627 0.7452778625488281
31 0.6289944076538085 0.7352584838867188 0.6299485015869141 0.25719520568847654 0.5588219833374023 0.25539871215820314 0.5578678894042969 0.7334620666503906
5 0.7053228759765625 0.7188481140136719 0.7060070037841797 0.2645176124572754 0.6306646347045899 0.26308158874511717 0.6299804306030273 0.717412109375
5 0.7880198669433593 0.7114971923828125 0.7891654205322266 0.2519480514526367 0.7115628814697266 0.24949975967407226 0.7104173278808594 0.7090489196777344
3 0.8662336730957031 0.7077711486816406 0.8672475433349609 0.23313743591308594 0.7929380035400391 0.2311283302307129 0.7919241333007813 0.7057620239257812
4 0.9482818603515625 0.7218709564208985 0.9493564605712891 0.21870241165161133 0.8727413940429688 0.21663152694702148 0.8716667175292969 0.7198001098632812
