22 0.20860876083374025 0.7657940673828125 0.2097343063354492 0.29501115798950195 0.1326172924041748 0.29288650512695313 0.13149174690246582 0.76366943359375
17 0.2955927276611328 0.7615446472167968 0.2963019561767578 0.285301570892334 0.21889200210571289 0.2839730453491211 0.21818275451660157 0.7602161407470703
0 0.3790335464477539 0.7468980407714844 0.3794428253173828 0.28490745544433593 0.3064958381652832 0.2841626167297363 0.30608650207519533 0.7461531829833984
2 0.46550430297851564 0.759088134765625 0.4656803131103516 0.28592231750488284 0.3905125045776367 0.2856000900268555 0.39033653259277346 0.758765869140625
16 0.5522751235961914 0.7460293579101562 0.5532054138183594 0.27174928665161135 0.47869770050048827 0.27006500244140624 0.4777674102783203 0.7443450927734375
19 0.6350180053710938 0.7411669158935547 0.6361751556396484 0.2650469207763672 0.561497688293457 0.2629552841186523 0.5603405380249024 0.7390752410888672
8 0.7158983612060547 0.732959976196289 0.7166417694091797 0.27648969650268557 0.6470121765136718 0.2751827812194824 0.6462686920166015 0.7316530609130859
8 0.7982505798339844 0.7254133605957032 0.7988203430175781 0.2711346435546875 0.7289219665527343 0.27012426376342774 0.7283521270751954 0.7244029998779297
5 0.8844207763671875 0.7177901458740235 0.8848827362060547 0.2426815414428711 0.8098332977294922 0.24184072494506836 0.809371337890625 0.7169493103027343
0 0.9624817657470703 0.7099411773681641 0.9629557800292968 0.26340791702270505 0.8929679107666015 0.26255151748657224 0.8924938201904297 0.7090847778320313
