22 0.07310933589935303 0.7204496002197266 0.17955049514770507 0.7135673522949219 0.17776710510253907 0.41320079803466797 0.07132593631744384 0.420083122253418
17 0.26305957794189455 0.6886289978027343 0.26317682266235354 0.40249813079833985 0.1850699996948242 0.4021495819091797 0.1849527359008789 0.6882804107666015
0 0.30721899032592775 0.6823587036132812 0.39269927978515623 0.6806128692626953 0.39216304779052735 0.3946825408935547 0.3066827583312988 0.3964282989501953
2 0.47607318878173827 0.6644464874267578 0.47613040924072264 0.37096710205078126 0.39738792419433594 0.3707999038696289 0.39733070373535156 0.6642792510986328
15 0.6037189865112305 0.6397644805908204 0.6041167831420898 0.3475502014160156 0.513826560974121 0.3462117767333984 0.5134287643432617 0.6384261322021484
19 0.629857177734375 0.6289699172973633 0.6304613494873047 0.3487477111816406 0.5597977066040039 0.3470886611938477 0.5591935348510743 0.6273108291625976
6 0.6683358764648437 0.5983472442626954 0.7443467712402344 0.596659049987793 0.7437767791748047 0.3172065544128418 0.6677659606933594 0.31889474868774415
3 0.8088016510009766 0.5876858139038086 0.8092385101318359 0.3055857467651367 0.7454672241210938 0.30451026916503904 0.7450303649902343 0.5866103744506836
5 0.8832903289794922 0.5653250122070312 0.8836675262451172 0.28047937393188477 0.814329833984375 0.2794794464111328 0.8139527130126953 0.5643250274658204
5 0.9557440948486328 0.5418799591064453 0.9562191009521485 0.2666164398193359 0.8871300506591797 0.2653177642822266 0.8866548919677735 0.5405812072753906
