22 0.20576555252075196 0.7443142700195312 0.20665931701660156 0.2715821838378906 0.11237309455871582 0.26961835861206057 0.1114793586730957 0.7423503875732422
17 0.28686803817749024 0.7456410980224609 0.28812021255493164 0.2771479225158691 0.20755622863769532 0.2747757339477539 0.20630409240722655 0.7432688903808594
0 0.37383304595947264 0.7380182647705078 0.3742892456054687 0.2869939422607422 0.29582130432128906 0.2861195755004883 0.2953651237487793 0.7371438598632812
1 0.450013427734375 0.7438099670410157 0.45058067321777345 0.286612548828125 0.39978851318359376 0.2859183311462402 0.3992213439941406 0.7431156921386719
13 0.5417194366455078 0.7370640563964844 0.542917366027832 0.27836095809936523 0.468031120300293 0.2762064552307129 0.46683319091796877 0.7349095153808594
20 0.6300812911987305 0.7365587615966797 0.6311814117431641 0.26638946533203123 0.5539156341552735 0.26439777374267576 0.5528155136108398 0.7345670318603515
8 0.7123106384277343 0.7273945617675781 0.7130846405029296 0.2788269233703613 0.6417459869384765 0.27747074127197263 0.6409719848632812 0.7260383605957031
6 0.7999182891845703 0.7203483581542969 0.8001866912841797 0.271097297668457 0.7249292755126953 0.2706020545959473 0.7246608734130859 0.7198531341552734
6 0.8831449890136719 0.7208546447753906 0.8838191223144531 0.27329847335815427 0.8102191925048828 0.27207704544067385 0.8095449066162109 0.7196332550048828
6 0.9670050048828125 0.7201807403564453 0.9681365203857422 0.26280864715576174 0.8911488342285157 0.2607102394104004 0.8900173950195313 0.7180823516845704
