22 0.21405975341796876 0.7736685943603515 0.21512897491455077 0.26689762115478516 0.13811317443847657 0.26482501983642576 0.13704395294189453 0.7715959167480468
17 0.3015592956542969 0.7845359039306641 0.3024486541748047 0.2691932678222656 0.22215057373046876 0.2674256896972656 0.22126121520996095 0.782768325805664
0 0.3858286285400391 0.7765512084960937 0.3867718505859375 0.2871484184265137 0.3105058288574219 0.28527360916137695 0.30956258773803713 0.7746763610839844
2 0.4717898941040039 0.7776161193847656 0.4725407791137695 0.2909963417053223 0.39454212188720705 0.2894611930847168 0.3937912368774414 0.7760810089111329
16 0.5569842910766601 0.7859334564208984 0.5579445266723633 0.29467105865478516 0.48152881622314453 0.2927658843994141 0.4805685806274414 0.7840282440185546
19 0.6423346710205078 0.7993222808837891 0.643705062866211 0.30243093490600587 0.5629986953735352 0.29959171295166015 0.5616282653808594 0.7964830017089843
0 0.7264773559570312 0.8042268371582031 0.7276559448242188 0.31106895446777344 0.650086669921875 0.3087045288085937 0.6489080810546874 0.8018624114990235
2 0.8111383056640625 0.8106092834472656 0.8121759033203125 0.30957698822021484 0.7334786987304688 0.3074983024597168 0.7324411010742188 0.8085306549072265
9 0.8924773406982421 0.80758544921875 0.8935323333740235 0.3110334777832031 0.8185186004638672 0.3090005302429199 0.8174636077880859 0.8055525207519532
7 0.9793452453613282 0.8291387939453125 0.9803189086914063 0.30937686920166013 0.9027525329589844 0.3075235176086426 0.9017788696289063 0.8272854614257813
