22 0.21137805938720702 0.7867135620117187 0.2123880195617676 0.29566713333129885 0.13157018661499023 0.2933417510986328 0.13056021690368652 0.7843881988525391
17 0.2965743255615234 0.7823551177978516 0.2967804718017578 0.3038960647583008 0.21871208190917968 0.3034255218505859 0.21850591659545898 0.781884536743164
0 0.3791161346435547 0.7868898773193359 0.37944759368896486 0.3052072525024414 0.30436059951782224 0.3044844627380371 0.3040291404724121 0.7861670684814454
4 0.4614564895629883 0.8012001037597656 0.46269935607910156 0.3037093925476074 0.38627616882324217 0.30103837966918945 0.3850333023071289 0.798529052734375
15 0.548957176208496 0.7895907592773438 0.5500439453125 0.2957974052429199 0.47035736083984375 0.2933438491821289 0.46927059173583985 0.7871371459960937
27 0.6252931976318359 0.7906454467773437 0.6259119415283203 0.3057370567321777 0.5513191223144531 0.30440547943115237 0.5507004165649414 0.7893138885498047
9 0.7111613464355468 0.7840638732910157 0.7121923065185547 0.3114699172973633 0.6330293273925781 0.30905416488647464 0.631998405456543 0.7816481018066406
3 0.7844010162353515 0.7796045684814453 0.7854661560058593 0.2969588851928711 0.7145450592041016 0.294769344329834 0.7134799194335938 0.7774150085449218
3 0.8610441589355469 0.7677806091308593 0.8614959716796875 0.29643848419189456 0.7930037689208984 0.2955198860168457 0.7925518798828125 0.7668619537353516
9 0.9402957916259765 0.7643029022216797 0.9409169006347656 0.2920306968688965 0.8696273040771484 0.2907187271118164 0.8690060424804688 0.7629909515380859
