22 0.1492131233215332 0.6737062072753907 0.22678936004638672 0.6734146881103515 0.2266493034362793 0.1672116470336914 0.14907306671142578 0.16750312805175782
17 0.31000986099243166 0.6749660491943359 0.31025875091552735 0.1853017997741699 0.23437005996704102 0.18477798461914063 0.234121150970459 0.6744422149658204
0 0.3927199554443359 0.6784819030761718 0.3928640365600586 0.19941940307617187 0.3204371643066406 0.19912355422973632 0.3202930450439453 0.67818603515625
3 0.47546791076660155 0.6948195648193359 0.4764634323120117 0.20090461730957032 0.40496726989746096 0.19894760131835937 0.4039717483520508 0.692862548828125
12 0.5600791549682618 0.69766845703125 0.5610654830932618 0.2109455108642578 0.4904214859008789 0.20900129318237304 0.4894350814819336 0.6957241821289063
11 0.6433164215087891 0.7082212829589843 0.6438034820556641 0.20622074127197265 0.5698031616210938 0.20524566650390624 0.5693161010742187 0.7072462463378906
7 0.7283217620849609 0.710142593383789 0.7285247802734375 0.20831357955932617 0.6536259460449219 0.20790208816528322 0.6534229278564453 0.7097312164306641
5 0.8111068725585937 0.7181037902832031 0.8113502502441406 0.22176937103271485 0.7349634552001953 0.22126060485839844 0.7347200775146484 0.7175949859619141
3 0.8929836273193359 0.7220783233642578 0.8932341766357422 0.23493919372558594 0.8208088684082031 0.23443326950073243 0.8205583190917969 0.7215724182128906
1 0.9659798431396485 0.731783218383789 0.9666659545898437 0.23550054550170899 0.9157064819335937 0.23454376220703124 0.9150203704833985 0.730826416015625
