22 0.2210712242126465 0.724016342163086 0.22117658615112304 0.2581229782104492 0.14621532440185547 0.2579194068908691 0.14610997200012207 0.7238127899169922
17 0.30229768753051756 0.7298413848876953 0.30336936950683596 0.2696774673461914 0.23048513412475585 0.2676386260986328 0.22941343307495118 0.727802505493164
0 0.38374267578125 0.7351763916015625 0.3842169952392578 0.2824106216430664 0.31427940368652346 0.2815304946899414 0.31380504608154297 0.7342963409423828
2 0.4644139862060547 0.7497724914550781 0.4646274566650391 0.2896014404296875 0.39336040496826175 0.28920438766479495 0.39314697265625 0.7493754577636719
16 0.546696662902832 0.7505962371826171 0.5475870895385743 0.29735898971557617 0.4796089935302734 0.2957549476623535 0.47871864318847657 0.7489922332763672
17 0.6297469711303711 0.7540895843505859 0.6305664825439453 0.29882938385009766 0.5577853393554687 0.29725563049316406 0.5569658279418945 0.7525157928466797
1 0.6940053558349609 0.758031005859375 0.6945426177978515 0.2992433547973633 0.6469779968261719 0.2985743522644043 0.6464407348632812 0.757362060546875
1 0.7592202758789063 0.7672407531738281 0.7597450256347656 0.3065614700317383 0.7118474578857422 0.3059060859680176 0.7113226318359375 0.7665853881835938
7 0.8442386627197266 0.770712890625 0.8450479888916016 0.30680816650390624 0.7732337951660156 0.3053033065795898 0.7724243927001954 0.769207992553711
6 0.926175765991211 0.7822476959228516 0.9266857147216797 0.33128910064697265 0.8562525939941407 0.3303322601318359 0.8557426452636718 0.7812908935546875
