22 0.19491165161132812 0.7727852630615234 0.19620349884033203 0.27159646987915037 0.11921537399291993 0.26925458908081057 0.11792352676391601 0.770443344116211
17 0.28787315368652344 0.7807625579833984 0.28887792587280275 0.28995380401611326 0.2018885612487793 0.28785219192504885 0.20088376998901367 0.7786609649658203
0 0.3674619674682617 0.7635978698730469 0.3684223175048828 0.31102115631103516 0.29135608673095703 0.3090911865234375 0.29039573669433594 0.7616678619384766
2 0.4549411392211914 0.759021987915039 0.4558666229248047 0.3081645965576172 0.3765677261352539 0.3062436866760254 0.3756422424316406 0.7571010589599609
16 0.5417035675048828 0.7677896118164063 0.5429011154174804 0.3204837417602539 0.4630245590209961 0.317960205078125 0.46182708740234374 0.7652660369873047
14 0.6241971969604492 0.7689179992675781 0.6253722381591796 0.303049201965332 0.5472343444824219 0.3007234001159668 0.5460593032836915 0.7665921783447266
7 0.6956702423095703 0.7603360748291016 0.6968648529052734 0.3014605712890625 0.630203971862793 0.2994126319885254 0.6290094375610351 0.7582881164550781
5 0.7918254852294921 0.7742470550537109 0.7930733489990235 0.308994140625 0.7061323547363281 0.3062422561645508 0.7048844909667968 0.7714951324462891
0 0.878792495727539 0.7490238952636719 0.880396728515625 0.3045717430114746 0.7960594177246094 0.3009792900085449 0.7944551849365235 0.7454314422607422
7 0.942238540649414 0.7538355255126953 0.9437847137451172 0.30312681198120117 0.8794996643066406 0.3005241966247559 0.8779534912109375 0.75123291015625
