22 0.12772231101989745 0.7273300933837891 0.20409412384033204 0.7271394348144531 0.20399208068847657 0.29474601745605467 0.12762026786804198 0.2949366569519043
17 0.28680341720581054 0.7349744415283204 0.28705820083618167 0.2990367698669434 0.21233270645141603 0.29857471466064456 0.21207792282104493 0.7345124053955078
0 0.3675932312011719 0.7298123931884766 0.36783878326416014 0.2948481750488281 0.299145393371582 0.29443798065185545 0.29889986038208005 0.7294021606445312
4 0.4499248123168945 0.7261018371582031 0.4510573959350586 0.28808576583862305 0.37999763488769533 0.28614225387573244 0.37886505126953124 0.7241584777832031
16 0.5382593154907227 0.7257345581054687 0.5385894012451172 0.2798996353149414 0.46705394744873047 0.2793394088745117 0.46672386169433594 0.7251743316650391
14 0.6248065948486328 0.7276931762695312 0.6253886413574219 0.2714050102233887 0.5462718200683594 0.2703375244140625 0.5456897735595703 0.726625747680664
3 0.7022502136230468 0.7216999816894532 0.7024425506591797 0.28245738983154295 0.6316454315185547 0.2821295166015625 0.6314531707763672 0.7213722229003906
8 0.7845816040039062 0.7152084350585938 0.7853719329833985 0.29328304290771484 0.7154141998291016 0.2918970489501953 0.7146238708496093 0.7138224792480469
9 0.8665523529052734 0.71966552734375 0.8668648529052735 0.2904103469848633 0.7986634826660156 0.2898849868774414 0.7983509826660157 0.7191401672363281
2 0.9508932495117187 0.7255710601806641 0.9513208770751953 0.301546573638916 0.8778445434570312 0.300762825012207 0.8774169921875 0.7247873687744141
