22 0.18297872543334961 0.7575640106201171 0.18321279525756837 0.2801565170288086 0.09986898422241211 0.2796210861206055 0.09963491439819336 0.7570285797119141
17 0.2583061981201172 0.7562950897216797 0.2589952850341797 0.27423398971557617 0.18467727661132813 0.2728417778015137 0.18398818969726563 0.7549028778076172
0 0.36322818756103514 0.7407555389404297 0.363668327331543 0.2605516242980957 0.28640743255615236 0.25962348937988283 0.2859672546386719 0.7398274230957032
1 0.4220869064331055 0.7276732635498047 0.42265228271484373 0.26321422576904296 0.36620201110839845 0.2623137474060059 0.36563667297363284 0.7267727661132812
11 0.513721923828125 0.7372388458251953 0.5143489074707032 0.2526925849914551 0.4411752700805664 0.25145179748535157 0.44054828643798827 0.7359980773925782
15 0.5832489013671875 0.7217496490478515 0.5841229629516601 0.2561587715148926 0.5186883926391601 0.25454906463623045 0.5178143310546875 0.7201399230957031
2 0.7112800598144531 0.7323777770996094 0.7121433258056641 0.25064945220947266 0.6363661956787109 0.2488699722290039 0.6355029296875 0.7305982971191406
2 0.7884828948974609 0.7199224853515624 0.7888885498046875 0.24768028259277344 0.713380355834961 0.24683036804199218 0.7129747009277344 0.7190725708007812
0 0.8627017974853516 0.7173406219482422 0.8638038635253906 0.2526155662536621 0.7921018981933594 0.2503875541687012 0.7909999084472656 0.7151126098632813
6 0.9367181396484375 0.7076786804199219 0.9373012542724609 0.23662025451660157 0.8644353485107422 0.23543838500976563 0.8638523101806641 0.7064968109130859
