22 0.2045447540283203 0.6241692733764649 0.2053830337524414 0.1222292137145996 0.12787510871887206 0.12031431198120117 0.12703682899475097 0.6222543716430664
17 0.2869363212585449 0.6251701736450195 0.2877556610107422 0.12513774871826172 0.21177778244018555 0.12329606056213378 0.21095842361450196 0.623328514099121
0 0.36902183532714844 0.6304677581787109 0.3692023468017578 0.14147816658020018 0.2954850769042969 0.14107571601867674 0.29530460357666016 0.6300653076171875
1 0.4347747039794922 0.6407205963134766 0.435291748046875 0.14708908081054686 0.38402542114257815 0.14629474639892578 0.3835083770751953 0.6399262619018554
15 0.5216690444946289 0.6538636016845704 0.522336082458496 0.1449905014038086 0.44285736083984373 0.1434492874145508 0.44219032287597654 0.6523223876953125
11 0.5989946746826171 0.6541319274902344 0.59931884765625 0.1642127227783203 0.5238251495361328 0.1634737777709961 0.5235009765625 0.6533930206298828
2 0.680869140625 0.6670888519287109 0.6811802673339844 0.17818592071533204 0.6069444274902344 0.17748723983764647 0.6066333770751953 0.666390151977539
5 0.7672154998779297 0.6690302276611328 0.7675135040283203 0.16218336105346678 0.6881343841552734 0.16149290084838866 0.6878363800048828 0.6683397674560547
9 0.8440534973144531 0.6802057647705078 0.8443069458007812 0.19197664260864258 0.7720718383789062 0.19142181396484376 0.7718183898925781 0.6796509552001954
6 0.9279385375976562 0.6859777069091797 0.92801513671875 0.2005004119873047 0.8547712707519531 0.20032947540283202 0.8546946716308593 0.6858068084716797
