22 0.20149320602416992 0.7537369537353515 0.2016987419128418 0.299768238067627 0.12057017326354981 0.29937339782714845 0.1203646183013916 0.7533420562744141
17 0.2897121238708496 0.754952392578125 0.2900291061401367 0.30264122009277344 0.20842739105224609 0.30202651977539063 0.20811042785644532 0.7543376159667968
0 0.37629238128662107 0.7554483795166016 0.37661190032958985 0.3137620162963867 0.29739131927490237 0.31314590454101565 0.2970718193054199 0.7548323059082032
1 0.44845218658447267 0.766224365234375 0.4488253402709961 0.30942928314208984 0.3890835189819336 0.30890474319458006 0.38871036529541014 0.7656998443603515
13 0.5358767700195313 0.7702555084228515 0.5363740158081055 0.3058571243286133 0.4541926956176758 0.3049110794067383 0.4536954116821289 0.7693094635009765
29 0.5436723709106446 0.7684229278564453 0.6256709289550781 0.7683399200439454 0.6256275939941406 0.30827754974365235 0.543629035949707 0.30836063385009765
6 0.708966293334961 0.7708099365234375 0.7090982818603515 0.3268390655517578 0.6318027877807617 0.32659206390380857 0.6316707611083985 0.7705628967285156
7 0.7953520202636719 0.7818310546875 0.795352783203125 0.3127252388000488 0.7154753112792969 0.31272375106811523 0.7154745483398437 0.7818296051025391
7 0.8026483917236328 0.7872993469238281 0.8845088958740235 0.7872739410400391 0.8844953155517579 0.3144453811645508 0.8026348114013672 0.3144707679748535
0 0.970435791015625 0.7861817169189453 0.9708647155761718 0.33910541534423827 0.8940093994140625 0.3383127212524414 0.8935804748535157 0.7853890228271484
