22 0.1921541213989258 0.8466677093505859 0.19345304489135742 0.3275093460083008 0.10732043266296387 0.3248132705688477 0.10602149963378907 0.8439716339111328
17 0.28023538589477537 0.8267596435546875 0.28116384506225583 0.2952611541748047 0.19882266998291015 0.29346164703369143 0.19789419174194336 0.8249600219726563
0 0.3740424346923828 0.81302734375 0.3749199676513672 0.30566709518432617 0.2961661911010742 0.30396297454833987 0.2952886581420898 0.8113232421875
1 0.44748779296875 0.8101680755615235 0.44813999176025393 0.29837167739868165 0.392462272644043 0.2974839782714844 0.3918100738525391 0.8092803955078125
14 0.5473440170288086 0.8029713439941406 0.5484577560424805 0.28370449066162107 0.46197254180908204 0.28138372421264646 0.46085884094238283 0.800650634765625
31 0.6365268325805664 0.7804412841796875 0.6377785110473633 0.28370222091674807 0.5644255447387695 0.28138975143432615 0.563173828125 0.7781288146972656
6 0.7252162170410156 0.768555908203125 0.7254165649414063 0.28248828887939453 0.6508140563964844 0.28210371017456054 0.6506137084960938 0.76817138671875
7 0.8130110168457031 0.7595353698730469 0.8131268310546875 0.26831933975219724 0.7360331726074218 0.2680917167663574 0.7359173583984375 0.7593077850341797
9 0.8968477630615235 0.7529469299316406 0.8973125457763672 0.2748143768310547 0.8214696502685547 0.27389188766479494 0.8210049438476562 0.7520244598388672
1 0.9604691314697266 0.743437271118164 0.9612452697753906 0.26702568054199216 0.9131617736816406 0.2660455131530762 0.9123855590820312 0.7424571228027343
