22 0.20553255081176758 0.7196468353271485 0.20572978973388673 0.25097061157226563 0.13517803192138672 0.25059457778930666 0.1349807834625244 0.7192707824707031
17 0.29325553894042966 0.7321912384033203 0.29402812957763674 0.2618612861633301 0.22213788986206054 0.2603660202026367 0.22136531829833983 0.7306960296630859
0 0.3795888900756836 0.7293565368652344 0.38016937255859373 0.2717263984680176 0.3106217956542969 0.2706092643737793 0.3100413131713867 0.7282393646240234
3 0.4661739349365234 0.7494120788574219 0.4663822937011719 0.2615141487121582 0.39726318359375 0.261140308380127 0.39705474853515627 0.7490382385253906
14 0.5553242492675782 0.7577166748046875 0.5556231689453125 0.2529686737060547 0.4777909088134766 0.2523848724365234 0.4774919509887695 0.757132797241211
15 0.6402398681640625 0.7551284790039062 0.6412654876708984 0.2614329719543457 0.5649275970458985 0.2594248580932617 0.5639019012451172 0.7531202697753906
9 0.7196924591064453 0.7558940887451172 0.7201902008056641 0.2798712921142578 0.6531328582763671 0.27898349761962893 0.6526351165771485 0.7550064086914062
6 0.8025751495361328 0.7533475494384766 0.8025871276855469 0.2809477424621582 0.7368269348144532 0.2809267425537109 0.7368150329589844 0.7533265686035157
1 0.8841022491455078 0.7639005279541016 0.8842782592773437 0.26943946838378907 0.8287687683105469 0.26918926239013674 0.8285927581787109 0.7636502838134765
1 0.9648279571533203 0.7682590484619141 0.9656217956542968 0.27983877182006833 0.9124501037597657 0.2787444877624512 0.9116562652587891 0.7671647644042969
