22 0.18931365966796876 0.6986322021484375 0.18979934692382813 0.2807818031311035 0.11801057815551758 0.2798937225341797 0.1175248908996582 0.697744140625
17 0.27535009384155273 0.7082027435302735 0.2759959030151367 0.2827402877807617 0.20233112335205078 0.28155029296875 0.2016853141784668 0.7070127105712891
0 0.35812042236328123 0.7082572937011719 0.3586579895019531 0.2921990776062012 0.2890790367126465 0.29124237060546876 0.28854148864746093 0.7073006439208984
2 0.44237407684326174 0.7211765289306641 0.44278675079345703 0.29162260055541994 0.3724676513671875 0.29090362548828125 0.37205497741699217 0.7204576110839844
15 0.5310198593139649 0.7132735443115235 0.5319486236572266 0.28301301956176755 0.4563752746582031 0.28127700805664063 0.4554465866088867 0.7115375518798828
34 0.6103678894042969 0.7146797180175781 0.611553955078125 0.2817693710327148 0.5442505645751953 0.27980703353881836 0.5430645370483398 0.7127174377441406
4 0.6906918334960938 0.7171219635009766 0.6915116882324219 0.2958202362060547 0.6280214691162109 0.2945054817199707 0.6272017288208008 0.7158071899414062
4 0.7724810028076172 0.7112466430664063 0.773311767578125 0.29903579711914063 0.7102530670166015 0.29768335342407226 0.7094223785400391 0.7098943328857422
9 0.8590557861328125 0.7195146942138672 0.8597628784179687 0.2998522186279297 0.7951680755615235 0.29869392395019534 0.7944609832763672 0.7183564758300781
2 0.9439943695068359 0.7303153228759766 0.9443817901611328 0.31083791732788085 0.8755699157714844 0.3101615333557129 0.8751824951171875 0.7296389007568359
