22 0.19593576431274415 0.7344525909423828 0.19686294555664063 0.24334957122802733 0.11481253623962402 0.24154539108276368 0.1138853359222412 0.7326484680175781
17 0.2833369064331055 0.7453108978271484 0.28426197052001956 0.2534711456298828 0.20227466583251952 0.2516752243041992 0.20134958267211914 0.7435149383544922
0 0.3664716339111328 0.7327261352539063 0.36746070861816404 0.26898393630981443 0.2893782043457031 0.26704442977905274 0.28838916778564455 0.7307865905761719
2 0.4538527297973633 0.7519076538085937 0.4546712493896484 0.2688457679748535 0.3755023956298828 0.26728340148925783 0.3746838760375977 0.7503453826904297
16 0.5399650192260742 0.746106948852539 0.5409512329101562 0.2664942741394043 0.4638950347900391 0.2646488571166992 0.46290882110595705 0.7442615509033204
25 0.6251910400390625 0.7612845611572265 0.6262641525268555 0.2701821708679199 0.5476103591918945 0.2681807327270508 0.5465373229980469 0.7592832183837891
3 0.7092172241210938 0.7618326568603515 0.710334701538086 0.2683833885192871 0.6320686340332031 0.2663189697265625 0.6309511566162109 0.7597682189941406
8 0.7939679718017578 0.7551583862304687 0.7948969268798828 0.2901652526855469 0.7175928497314453 0.288366527557373 0.7166637420654297 0.7533597564697265
4 0.8782735443115235 0.7683488464355469 0.8802657318115235 0.26967424392700196 0.8029142761230469 0.26607522964477537 0.8009221649169922 0.7647498321533203
4 0.962649917602539 0.7550670623779296 0.9642106628417969 0.26694530487060547 0.8872248077392578 0.2640782356262207 0.8856639862060547 0.7522000122070313
