22 0.2070503044128418 0.7285658264160156 0.20816795349121095 0.2895258712768555 0.1336168384552002 0.28768598556518554 0.13249917030334474 0.7267259216308594
17 0.2917518615722656 0.7386837005615234 0.2926264190673828 0.29172096252441404 0.2141844177246094 0.29023303985595705 0.2133098793029785 0.737195816040039
0 0.3724441146850586 0.7304745483398437 0.3732834243774414 0.29979185104370115 0.29917001724243164 0.29839157104492187 0.29833072662353516 0.7290743255615234
2 0.4548493957519531 0.735455551147461 0.45568500518798827 0.301697940826416 0.37912525177001954 0.30026811599731446 0.3782896423339844 0.7340258026123047
16 0.5370856475830078 0.7242431640625 0.5378601455688476 0.29487497329711915 0.4645638275146484 0.2935931396484375 0.4637893295288086 0.7229613494873047
25 0.6159727478027344 0.7287700653076172 0.617071762084961 0.30271217346191404 0.5419923782348632 0.3008346176147461 0.5408933639526368 0.7268925476074218
3 0.6986906433105469 0.7301318359375 0.6994818878173829 0.3041750144958496 0.6253397369384766 0.3028397941589355 0.624548568725586 0.728796615600586
2 0.7791329956054688 0.7271713256835938 0.7798767852783203 0.30599313735961914 0.7056866455078125 0.304722843170166 0.704942855834961 0.7259010314941406
2 0.8603988647460937 0.7245466613769531 0.8608893585205079 0.3039104080200195 0.7864393615722656 0.30306884765625 0.7859488677978516 0.7237051391601562
9 0.9380844879150391 0.718533935546875 0.9388645935058594 0.30787765502929687 0.8690062713623047 0.30659099578857424 0.8682260894775391 0.7172472381591797
