22 0.14730419158935548 0.7724208831787109 0.14830625534057618 0.3015135192871094 0.06585490703582764 0.29951957702636717 0.06485282421112061 0.7704269409179687
17 0.23729606628417968 0.7645352172851563 0.2377025604248047 0.2996847343444824 0.1555372142791748 0.29886823654174804 0.15513075828552247 0.7637187194824219
0 0.3375571823120117 0.7628660583496094 0.3377496337890625 0.30258474349975584 0.25910354614257813 0.3022110366821289 0.25891109466552736 0.7624923706054687
1 0.41391231536865236 0.7728950500488281 0.4142768859863281 0.30350265502929685 0.35930721282958983 0.30301752090454104 0.3589426803588867 0.7724098968505859
13 0.519665641784668 0.7728721618652343 0.5204636001586914 0.3021485137939453 0.4428083038330078 0.3006524467468262 0.4420103454589844 0.7713760375976563
11 0.6015098190307617 0.7655703735351562 0.6020171737670899 0.307285041809082 0.5285307312011719 0.30636045455932615 0.5280234146118165 0.7646458435058594
9 0.6966805267333984 0.7574858856201172 0.6969807434082032 0.3068400001525879 0.6266212463378906 0.306307430267334 0.6263211441040039 0.7569532775878907
3 0.7784609985351563 0.754768295288086 0.7794414520263672 0.3096099853515625 0.7082939910888671 0.3078290557861328 0.7073135375976562 0.752987289428711
9 0.8635567474365234 0.7549259185791015 0.8641508483886718 0.3131422996520996 0.7916569519042969 0.31203445434570315 0.7910628509521485 0.753818130493164
7 0.9470622253417968 0.7555891418457031 0.9473117065429687 0.3001593589782715 0.872545166015625 0.2996937370300293 0.8722956085205078 0.755123519897461
