22 0.21731937408447266 0.808718032836914 0.21760997772216797 0.30976755142211915 0.13663697242736816 0.3091779899597168 0.13634636878967285 0.8081285095214844
17 0.30572656631469725 0.79521728515625 0.3069870758056641 0.29503190994262696 0.22584714889526367 0.292475528717041 0.2245865821838379 0.792660903930664
0 0.3916933059692383 0.7766874694824218 0.392861328125 0.2985182189941406 0.31482595443725586 0.29613533020019533 0.31365797042846677 0.7743045806884765
2 0.47658954620361327 0.77724365234375 0.4775119400024414 0.28191396713256833 0.39763996124267575 0.28005468368530273 0.3967176055908203 0.775384292602539
15 0.5692046737670898 0.7605194091796875 0.5700693130493164 0.25251813888549807 0.48481700897216795 0.2507041931152344 0.48395233154296874 0.7587054443359375
30 0.6451908874511719 0.743897933959961 0.6467345428466796 0.263121452331543 0.5696312713623047 0.26002662658691406 0.5680876541137695 0.7408030700683593
8 0.722447509765625 0.7181498718261718 0.7232009887695312 0.2587645721435547 0.6530653381347656 0.25732629776000976 0.652311782836914 0.716711654663086
2 0.8037613677978516 0.7156812286376953 0.804527359008789 0.23963237762451173 0.7303372955322266 0.2381400680541992 0.7295713806152344 0.7141889190673828
5 0.8890023803710938 0.6874263000488281 0.8898736572265625 0.20487289428710936 0.8107926940917969 0.20308784484863282 0.8099214172363282 0.6856412506103515
0 0.9615676116943359 0.6687002563476563 0.962427978515625 0.2059910202026367 0.8894976043701172 0.20429553985595703 0.8886372375488282 0.6670046997070312
