22 0.22443508148193358 0.8163300323486328 0.22551424026489258 0.3146372413635254 0.1435915184020996 0.31259822845458984 0.1425123405456543 0.8142910003662109
17 0.3059993362426758 0.7915064239501953 0.30707210540771485 0.2974930191040039 0.2309711456298828 0.2955808639526367 0.22989835739135742 0.7895942687988281
0 0.3913150405883789 0.769380111694336 0.392292366027832 0.28720453262329104 0.3145125198364258 0.28538032531738283 0.31353517532348635 0.767555923461914
1 0.45877067565917967 0.7591079711914063 0.45956901550292967 0.275048828125 0.4053107452392578 0.2740134048461914 0.4045124053955078 0.758072509765625
13 0.5460435104370117 0.7427136993408203 0.5470476913452148 0.25850204467773436 0.4689578628540039 0.2566282081604004 0.4679536819458008 0.74083984375
33 0.6281111907958984 0.7274191284179687 0.6291891860961915 0.24508323669433593 0.5563842010498047 0.24320045471191407 0.5553062057495117 0.7255364227294921
8 0.7114559173583984 0.7086744689941407 0.7120967864990234 0.24168949127197265 0.6394139099121093 0.2405352210998535 0.6387730407714843 0.7075202178955078
3 0.7948904418945313 0.6984439086914063 0.7953049468994141 0.22387275695800782 0.7225283050537109 0.2231373405456543 0.7221138000488281 0.6977085113525391
8 0.877554931640625 0.6858812713623047 0.8783383178710937 0.21901891708374024 0.80509521484375 0.2175969123840332 0.8043117523193359 0.6844591522216796
3 0.9583582305908203 0.6713252258300781 0.9592621612548828 0.20157571792602538 0.8913800048828125 0.20006431579589845 0.89047607421875 0.6698138427734375
