22 0.19527793884277345 0.7632283782958984 0.19556846618652343 0.2858695411682129 0.11464472770690919 0.2853201293945313 0.11435420989990235 0.7626790618896484
17 0.28043600082397463 0.7562295532226563 0.2809289932250977 0.2871885871887207 0.20282695770263673 0.2862730026245117 0.202333984375 0.7553140258789063
0 0.3655564498901367 0.7528449249267578 0.36615642547607424 0.28921300888061524 0.2907888603210449 0.2881251335144043 0.29018890380859375 0.7517570495605469
2 0.4514492416381836 0.7582597351074218 0.45177234649658204 0.288636302947998 0.37567230224609377 0.28805233001708985 0.375349235534668 0.75767578125
16 0.5381268692016602 0.7485653686523438 0.5383131408691406 0.2833913040161133 0.46263614654541013 0.2830533027648926 0.462449836730957 0.7482274627685547
17 0.6169037246704101 0.742913818359375 0.6176712036132812 0.2820479965209961 0.5452412796020508 0.2807025527954102 0.5444738388061523 0.7415682983398437
0 0.7011148071289063 0.737662582397461 0.7019988250732422 0.2880088996887207 0.6306400299072266 0.28644403457641604 0.629755973815918 0.7360977172851563
3 0.7877869415283203 0.7365592193603515 0.7880406951904297 0.27478647232055664 0.7146305847167969 0.2743365478515625 0.7143768310546875 0.7361093139648438
8 0.8705142974853516 0.7345960235595703 0.871273422241211 0.2775252151489258 0.7987371063232422 0.2761812591552734 0.7979778289794922 0.7332520294189453
7 0.9549852752685547 0.7350872039794922 0.9556851959228516 0.26032295227050783 0.8798030853271485 0.25907499313354493 0.8791030883789063 0.7338391876220703
