22 0.22381113052368165 0.6831508636474609 0.22465520858764648 0.20265439987182618 0.145741548538208 0.2011141586303711 0.1448974895477295 0.6816104888916016
17 0.3051825714111328 0.6856034088134766 0.30619230270385744 0.23337411880493164 0.22620283126831053 0.2313897705078125 0.22519311904907227 0.6836190795898438
0 0.3873871231079102 0.6840293884277344 0.388296012878418 0.26259431838989256 0.31094253540039063 0.2607407569885254 0.3100336837768555 0.6821758270263671
1 0.4643791961669922 0.693646469116211 0.46529090881347657 0.2684439468383789 0.3996910095214844 0.26688098907470703 0.398779296875 0.6920835113525391
14 0.5473094558715821 0.7111351776123047 0.5483882522583008 0.2648798179626465 0.4752854537963867 0.262916259765625 0.47420665740966794 0.7091716766357422
31 0.6276168060302735 0.720118408203125 0.628641471862793 0.27816167831420896 0.5579036331176758 0.2763395309448242 0.5568789672851563 0.7182962036132813
4 0.7077249145507812 0.7074339294433594 0.708048095703125 0.2663682746887207 0.6353094482421875 0.2657761573791504 0.634986343383789 0.7068417358398438
4 0.7878722381591797 0.7103897094726562 0.7884832000732422 0.2752590560913086 0.7143878936767578 0.2741032028198242 0.7137769317626953 0.7092338562011719
0 0.8711524963378906 0.7046289825439453 0.871768798828125 0.2939703750610352 0.7969953918457031 0.292723331451416 0.7963790893554688 0.7033819580078124
3 0.9518643951416016 0.7334999084472656 0.953172836303711 0.28777891159057617 0.8791251373291016 0.2853636360168457 0.8778166961669922 0.7310846710205078
