22 0.19889780044555663 0.7835237121582032 0.199229736328125 0.2875962257385254 0.11874445915222168 0.2869230842590332 0.11841253280639648 0.7828505706787109
17 0.2847987174987793 0.8037525177001953 0.28584041595458987 0.30425548553466797 0.20635246276855468 0.3021841049194336 0.20531078338623046 0.8016811370849609
0 0.37277626037597655 0.79916259765625 0.37321258544921876 0.31084030151367187 0.29649770736694336 0.3099839401245117 0.29606142044067385 0.7983062744140625
3 0.4583290481567383 0.7995887756347656 0.45880470275878904 0.3114405822753906 0.38297500610351565 0.31051742553710937 0.3824994659423828 0.7986656188964844
12 0.5445818328857421 0.8007283782958985 0.5457309341430664 0.31087392807006836 0.47131244659423827 0.308692626953125 0.47016326904296873 0.7985470581054688
28 0.6310418701171875 0.805228500366211 0.6319591522216796 0.3151060676574707 0.5551746368408204 0.31331050872802735 0.554257469177246 0.803432846069336
1 0.7038716888427734 0.7970283508300782 0.7045806884765625 0.31344926834106446 0.6499890899658203 0.31244909286499023 0.6492800903320313 0.7960282135009765
0 0.7907896423339844 0.7747299957275391 0.7917824554443359 0.30673662185668943 0.7216496276855469 0.30487760543823245 0.7206568145751953 0.7728709411621094
7 0.8779325103759765 0.7583541870117188 0.8784615325927735 0.28176355361938477 0.8004618072509766 0.28068166732788086 0.7999327850341796 0.7572723388671875
4 0.9513523864746094 0.7772920989990234 0.9524712371826172 0.27859216690063476 0.882062759399414 0.27661838531494143 0.8809439086914063 0.7753182220458984
