22 0.17704383850097657 0.7703999328613281 0.17735597610473633 0.28571706771850586 0.09878538131713867 0.2851085662841797 0.09847325325012207 0.7697914123535157
17 0.2642426109313965 0.7742133331298828 0.26530981063842773 0.28341079711914063 0.18644163131713867 0.28134860992431643 0.18537443161010742 0.7721511840820312
0 0.35237918853759764 0.7681898498535156 0.35283721923828126 0.28838666915893557 0.2765390014648437 0.2875107765197754 0.27608097076416016 0.7673139190673828
3 0.43837528228759765 0.774376449584961 0.43935470581054686 0.28688314437866214 0.3660238647460938 0.2851115226745605 0.36504444122314456 0.7726048278808594
13 0.5223728561401367 0.7725396728515626 0.5233018875122071 0.28268558502197266 0.45010723114013673 0.28101634979248047 0.4491782379150391 0.7708704376220703
33 0.6131222915649414 0.7812437438964843 0.6139885330200195 0.28625055313110354 0.5395683670043945 0.2846844482421875 0.5387020874023437 0.7796776580810547
6 0.6969744873046875 0.7762183380126954 0.6971415710449219 0.2963194465637207 0.628936767578125 0.29603397369384765 0.6287696838378907 0.775932846069336
9 0.7846585845947266 0.7773534393310547 0.7850487518310547 0.3039280128479004 0.7153137969970703 0.3032368087768555 0.7149236297607422 0.7766622924804687
8 0.8725696563720703 0.7751780700683594 0.8728058624267578 0.3092408561706543 0.8003587341308593 0.30879905700683596 0.8001225280761719 0.7747362518310547
2 0.960395278930664 0.7965901184082032 0.960733642578125 0.30867317199707034 0.8870538330078125 0.3080586433410645 0.8867154693603516 0.7959754943847657
