22 0.2058677864074707 0.8195760345458984 0.20660064697265626 0.29288244247436523 0.1240237808227539 0.2912037086486816 0.12329090118408204 0.8178972625732421
17 0.2917388153076172 0.8110747528076172 0.29211721420288084 0.2926495361328125 0.21008737564086913 0.291774787902832 0.20970897674560546 0.810199966430664
0 0.3793495178222656 0.8070085144042969 0.3797177505493164 0.28827640533447263 0.2977486801147461 0.2874262619018555 0.2973804092407227 0.8061583709716796
2 0.46204658508300783 0.8046755218505859 0.46293178558349607 0.2894701385498047 0.382304801940918 0.28744632720947266 0.3814196014404297 0.8026516723632813
14 0.5510175323486328 0.7987401580810547 0.5515178298950195 0.2669258117675781 0.47062221527099607 0.2658139419555664 0.47012184143066404 0.7976282501220703
25 0.6339930725097657 0.7919863891601563 0.6347543716430664 0.274478759765625 0.5575477981567383 0.2728195571899414 0.5567865371704102 0.7903272247314453
8 0.7166722869873047 0.7833089447021484 0.7176244354248047 0.27353969573974607 0.6420398712158203 0.27147727966308594 0.6410877227783203 0.781246566772461
2 0.8024234008789063 0.7851492309570313 0.8033322143554688 0.2721255683898926 0.7265458679199219 0.2701383590698242 0.7256370544433594 0.7831620025634766
8 0.8845378875732421 0.7677588653564453 0.884640121459961 0.27007064819335935 0.8121432495117188 0.26985328674316406 0.8120410919189454 0.76754150390625
1 0.9618594360351562 0.7716568756103516 0.9629065704345703 0.25175535202026367 0.8936416625976562 0.24971719741821288 0.8925944519042969 0.7696187591552734
