22 0.18749629974365234 0.705971450805664 0.18783031463623046 0.4301338195800781 0.10430986404418946 0.42904670715332033 0.10397584915161133 0.7048843383789063
17 0.2659061622619629 0.693818359375 0.26624063491821287 0.43040817260742187 0.1996902656555176 0.42949977874755857 0.1993557929992676 0.6929100036621094
0 0.3555659866333008 0.6976508331298829 0.355875129699707 0.4305450057983398 0.2862979507446289 0.4296793746948242 0.28598880767822266 0.6967852020263672
5 0.43611865997314453 0.7048812866210937 0.43639789581298827 0.4146686553955078 0.365139045715332 0.41393150329589845 0.3648598098754883 0.7041441345214844
13 0.5319485473632812 0.7014933776855469 0.5320613861083985 0.41891937255859374 0.4566481018066406 0.4185956573486328 0.4565352630615234 0.701169662475586
28 0.6179642486572265 0.7059516906738281 0.6182477951049805 0.41381431579589845 0.544959487915039 0.41304950714111327 0.5446759033203125 0.7051869201660156
9 0.7165870666503906 0.7067779541015625 0.7169781494140625 0.4263431167602539 0.6417922973632812 0.42521621704101564 0.6414012145996094 0.7056510925292969
9 0.7972272491455078 0.7002352905273438 0.7978580474853516 0.42603656768798825 0.7279291534423828 0.42430706024169923 0.727298355102539 0.6985057830810547
0 0.875291748046875 0.6891156005859375 0.8757211303710938 0.42284847259521485 0.8096881103515625 0.4217039489746094 0.8092587280273438 0.687970962524414
1 0.9293017578125 0.6868606567382812 0.9298524475097656 0.4271255874633789 0.8879795837402343 0.42617115020751956 0.8874288940429688 0.6859062957763672
