22 0.2199040412902832 0.7262424468994141 0.21998414993286133 0.25151084899902343 0.14384111404418945 0.25135082244873047 0.14376096725463866 0.7260824584960938
17 0.3019742012023926 0.7397423553466796 0.30249500274658203 0.26967105865478513 0.227304630279541 0.268634147644043 0.2267838478088379 0.7387053680419922
0 0.38430450439453123 0.7430778503417969 0.38463314056396486 0.27853397369384764 0.31268423080444335 0.277900390625 0.31235561370849607 0.7424441528320312
3 0.39377422332763673 0.7473756408691407 0.4659817504882813 0.7472146606445312 0.46589759826660154 0.27742820739746094 0.39369007110595705 0.27758914947509766
12 0.5487034225463867 0.7442980194091797 0.5496640777587891 0.28376792907714843 0.47756210327148435 0.281895809173584 0.4766014862060547 0.7424259185791016
28 0.6308090209960937 0.7471771240234375 0.6312537384033203 0.28443485260009765 0.5574562072753906 0.28355199813842774 0.5570114135742188 0.746294174194336
1 0.7007132720947266 0.7496804046630859 0.7014518737792969 0.2695771789550781 0.6486351776123047 0.26856590270996095 0.6478965759277344 0.7486691284179687
0 0.7854611206054688 0.7351563262939453 0.7859053039550781 0.27459308624267575 0.7165959930419922 0.2737611198425293 0.7161518096923828 0.7343243408203125
7 0.8652767181396485 0.7319382476806641 0.8661353302001953 0.25801578521728513 0.7932952880859375 0.256373233795166 0.792436752319336 0.7302956390380859
4 0.935184326171875 0.7390596008300782 0.9360026550292969 0.2596903800964355 0.8692212677001954 0.258271484375 0.8684029388427734 0.7376407623291016
