22 0.20834115982055665 0.7734940338134766 0.20849088668823243 0.2965082550048828 0.133405179977417 0.2962183380126953 0.1332554531097412 0.7732041168212891
17 0.2925270462036133 0.7741768646240235 0.29274099349975585 0.310058650970459 0.21717536926269532 0.30963016510009767 0.21696144104003906 0.7737483978271484
0 0.37517513275146486 0.7812272644042969 0.37558731079101565 0.31511545181274414 0.30525163650512693 0.31435035705566405 0.30483943939208985 0.7804621887207032
1 0.4511533737182617 0.785983657836914 0.4513887023925781 0.31112184524536135 0.4020488739013672 0.3108211135864258 0.40181358337402345 0.7856829071044922
13 0.5410357284545898 0.7848665618896484 0.5418662261962891 0.3109787178039551 0.4714099884033203 0.30945964813232424 0.47057945251464844 0.7833474731445312
11 0.6279955673217773 0.7881923675537109 0.6290779113769531 0.3172142219543457 0.5559566497802735 0.31514677047729495 0.5548742294311524 0.7861248779296875
8 0.7099251556396484 0.782772445678711 0.7105144500732422 0.3289544296264648 0.642652587890625 0.32787036895751953 0.6420632934570313 0.7816883850097657
8 0.7927776336669922 0.7836140441894531 0.7931967163085938 0.33243335723876954 0.725408935546875 0.3316588592529297 0.7249899291992188 0.7828395080566406
4 0.8744908905029297 0.7878356170654297 0.8758894348144531 0.32381614685058596 0.8062821197509765 0.32123527526855467 0.8048835754394531 0.7852547454833985
9 0.9563896942138672 0.7892298889160156 0.9567028045654297 0.32569522857666017 0.8903594970703125 0.32514400482177735 0.89004638671875 0.7886786651611328
