22 0.21183385848999023 0.7881591033935547 0.21291662216186524 0.29619884490966797 0.1305999279022217 0.29384723663330076 0.12951716423034668 0.7858074951171875
17 0.2974896049499512 0.7911232757568359 0.29786569595336915 0.3005890464782715 0.21934396743774415 0.2998076057434082 0.21896787643432616 0.7903418731689453
0 0.38327674865722655 0.7857955932617188 0.3836014175415039 0.31110248565673826 0.30701217651367185 0.31042253494262695 0.3066875076293945 0.7851155853271484
1 0.45999961853027344 0.7963277435302735 0.46057281494140623 0.2990836524963379 0.40798770904541015 0.2982968902587891 0.40741455078125 0.7955410003662109
13 0.5509438323974609 0.7964733123779297 0.5519057083129882 0.30330255508422854 0.47630622863769534 0.3013888359069824 0.4753444290161133 0.7945596313476563
20 0.6385552215576172 0.7960699462890625 0.6394964599609375 0.30322540283203125 0.5621206665039062 0.30130758285522463 0.5611795043945312 0.7941521453857422
4 0.7192871856689453 0.7933157348632812 0.7207237243652344 0.30639488220214844 0.6476802062988282 0.3035976791381836 0.646243667602539 0.7905186462402344
2 0.8058893585205078 0.7956104278564453 0.8062451171875 0.31344818115234374 0.7322966766357422 0.3127400016784668 0.7319409942626953 0.7949022674560546
2 0.8891180419921875 0.7988998413085937 0.8900096130371093 0.31045902252197266 0.8159284210205078 0.3087036323547363 0.8150367736816406 0.7971443939208984
5 0.9713335418701172 0.7899372863769532 0.9718450164794922 0.2948121452331543 0.8980104064941407 0.29382198333740234 0.8974989318847656 0.7889471435546875
